0.228000,335.230011,242.139999,172.610001,173.750000,20.400496,19.155977,18.626251,18.251677
0.100000,83.370003,83.989998,80.080002,193.179993,23.043041,21.793985,21.285604,20.845446
0.131000,88.279999,86.720001,93.730003,162.210007,23.781355,22.509851,22.016396,21.625635
0.187000,422.940002,299.049988,314.910004,1969.939941,20.148142,19.241636,18.794312,18.477028
0.170000,292.760010,249.119995,203.500000,1286.089966,20.837299,19.814075,19.381624,19.047510
0.143000,454.640015,347.649994,207.529999,163.330002,20.459047,19.163570,18.697605,18.318146
0.171000,394.429993,291.920013,168.660004,160.990005,20.055286,18.889275,18.440775,18.120148
0.229000,236.100006,152.220001,113.250000,75.120003,23.182713,21.208319,20.180851,19.717468
0.299000,323.989990,293.920013,236.639999,549.729980,21.200830,19.899466,19.381424,19.042913
0.132000,154.110001,106.410004,102.930000,75.809998,22.726515,21.790607,20.996698,20.631031
0.106000,201.740005,293.540009,386.640015,573.080017,20.653898,19.996725,19.789446,19.733347
0.198000,148.860001,121.160004,79.279999,57.779999,21.888035,20.254742,19.724457,19.385000
0.131000,163.970001,185.399994,120.540001,699.619995,21.365385,20.308481,19.720015,19.428724
0.119000,201.990005,143.089996,181.710007,1048.150024,19.862631,19.324692,19.026035,18.873362
0.154000,144.940002,155.619995,168.779999,287.709991,23.425184,22.298262,21.355644,20.832947
0.122000,178.130005,139.970001,127.339996,1249.060059,19.639420,19.208561,18.905899,18.835215
0.133000,80.660004,81.730003,62.910000,201.550003,22.123209,20.973564,20.596159,20.208851
0.276000,157.050003,162.330002,130.899994,784.229980,22.451330,21.152653,20.478788,20.074312
0.372000,193.979996,123.470001,85.970001,48.750000,23.312218,21.485352,20.463228,20.035555
0.134000,187.880005,167.240005,134.970001,884.510010,20.704773,19.899364,19.469109,19.271303
0.144000,136.589996,121.519997,108.949997,207.380005,22.547382,21.138308,20.596865,20.160194
0.172000,119.709999,89.279999,69.809998,69.919998,22.949244,21.363079,20.705177,20.291986
44.762001,141.679993,190.559998,259.609985,439.700012,21.245310,20.573458,20.438437,20.394217
0.097000,50.400002,68.760002,144.479996,204.910004,20.418362,20.313572,20.281651,20.104937
0.183000,78.980003,60.090000,64.540001,105.320000,24.026707,22.829699,22.187983,21.804026
0.243000,190.710007,153.050003,167.990005,283.989990,23.501341,21.569799,21.032822,20.579817
0.282000,185.779999,123.410004,109.139999,101.730003,24.502491,22.626282,21.491066,20.935368
0.121000,182.039993,148.050003,119.959999,173.339996,23.662104,21.585289,20.799107,20.574219
0.313000,246.279999,271.709991,220.669998,1350.329956,20.449907,19.523134,19.108692,18.937752
0.627000,431.480011,350.070007,235.779999,196.320007,21.445154,19.744776,19.144907,18.765242
0.178000,113.879997,103.110001,58.279999,141.429993,21.653082,20.487185,20.083742,19.750401
0.392000,212.229996,288.230011,325.890015,1167.619995,20.395969,19.923632,19.732033,19.311670
0.093000,86.959999,71.440002,84.139999,103.510002,22.972429,21.701513,21.070852,20.680725
0.204000,161.020004,165.229996,115.949997,504.390015,22.743576,21.510899,20.943924,20.540724
3.062000,40.450001,58.419998,62.169998,92.129997,22.761333,22.450462,22.076965,22.036455
0.158000,289.940002,221.940002,171.500000,750.820007,20.411034,19.440115,19.038115,18.757685
0.250000,192.190002,162.149994,167.020004,304.369995,22.205442,20.623545,20.159599,19.794401
0.101000,81.010002,63.340000,48.990002,40.610001,23.871733,22.886003,21.785477,21.208948
0.129000,170.649994,178.850006,95.970001,463.079987,21.477144,20.291647,19.826170,19.405394
0.140000,141.960007,114.250000,79.559998,56.270000,22.439722,20.612396,20.006294,19.653667
0.241000,154.369995,154.270004,93.820000,360.459991,21.773481,20.468744,19.927176,19.585972
0.250000,358.989990,339.230011,369.019989,1011.219971,21.074427,19.769949,19.164591,18.796978
0.089000,78.889999,57.590000,96.830002,91.370003,22.274979,21.380598,20.944782,20.689999
0.327000,521.539978,371.630005,437.279999,3287.959961,19.601746,18.868397,18.462324,18.256701
0.166000,161.029999,160.759995,114.620003,400.130005,20.749046,19.932056,19.592730,19.291958
0.523000,230.990005,184.309998,107.250000,96.540001,21.107548,19.671150,19.207081,18.935566
0.627000,440.410004,377.640015,365.630005,2935.229980,20.345209,19.358023,18.802750,18.498585
0.103000,139.919998,102.809998,72.849998,70.589996,23.208647,21.728750,20.952116,20.511299
0.631000,162.759995,144.070007,182.889999,403.559998,22.679754,21.091684,20.565262,20.192930
0.216000,288.290009,229.279999,131.380005,206.369995,20.790852,19.493673,19.029573,18.677637
0.172000,114.550003,97.919998,97.989998,148.350006,23.613850,22.059830,21.414038,20.989435
1.283000,107.309998,82.150002,71.150002,64.169998,20.854095,19.870756,19.411734,19.283653
0.101000,218.210007,187.649994,128.820007,375.179993,20.746492,19.656858,19.225866,18.978308
0.408000,907.869995,593.280029,651.070007,1923.859985,18.654242,17.805651,17.472717,17.192410
0.322000,300.059998,255.000000,142.570007,100.489998,20.839113,19.293583,18.807737,18.502974
0.217000,278.459991,231.229996,260.320007,1777.250000,20.524666,19.712513,19.188669,18.923283
1.037000,133.830002,92.449997,72.699997,57.119999,25.040848,23.001095,21.776810,20.994650
0.974000,831.369995,562.270020,823.859985,5098.680176,18.871822,18.211132,17.911585,17.699034
0.106000,135.779999,81.849998,36.490002,42.160000,24.246717,22.261099,21.057646,20.558062
0.399000,369.839996,413.239990,470.489990,631.859985,20.843184,19.745457,19.483883,18.885702
0.204000,118.430000,132.130005,153.380005,200.729996,21.956480,21.704058,21.367504,20.971853
0.075000,143.669998,102.099998,166.660004,835.799988,19.738323,19.309038,19.107002,18.968702
0.102000,102.650002,76.739998,94.940002,88.110001,22.706081,21.585611,21.028229,20.692072
0.381000,167.139999,132.630005,95.120003,105.150002,22.093040,20.438015,19.862833,19.514496
0.127000,223.940002,166.660004,150.110001,909.799988,20.404163,19.551058,19.087883,18.860449
0.537000,703.510010,492.670013,405.209991,1248.310059,19.194637,18.238407,17.823263,17.578373
0.348000,152.929993,143.880005,194.509995,307.239990,24.642363,23.059313,22.044933,21.510969
0.183000,277.049988,256.320007,207.000000,1016.750000,20.526392,19.618628,19.197453,18.951593
0.320000,278.700012,286.679993,207.529999,1183.780029,20.157290,19.445910,19.043835,18.875534
0.136000,136.330002,145.949997,175.429993,228.529999,23.085344,22.164982,21.520576,21.126589
0.632000,343.239990,352.459991,266.799988,1048.069946,20.834190,19.775534,19.349092,19.016918
0.139000,223.229996,162.250000,178.009995,913.690002,20.878525,20.139620,19.702719,19.403654
0.567000,98.830002,65.050003,51.770000,35.770000,25.025684,22.877718,21.617863,20.994293
0.241000,419.410004,330.070007,303.769989,1469.670044,19.986336,19.023489,18.559198,18.253170
0.348000,166.690002,125.889999,84.239998,115.290001,22.199848,20.911049,20.369392,19.971155
0.379000,238.119995,207.449997,208.259995,1973.579956,20.979414,20.259859,19.814646,19.606533
0.242000,566.609985,414.760010,316.250000,1073.119995,19.224829,18.307779,17.932190,17.675060
0.166000,197.699997,178.899994,134.289993,521.590027,22.488741,21.003405,20.284040,19.831942
0.123000,224.589996,228.380005,331.149994,371.529999,21.197544,20.810863,20.396547,20.239962
1.643000,1736.650024,1280.650024,2358.129883,11760.419922,18.044619,17.337128,17.040546,16.788044
0.129000,87.919998,99.330002,77.510002,261.420013,21.232637,20.385851,20.136824,19.813053
0.277000,108.370003,101.510002,93.870003,220.059998,21.620533,20.399605,20.190624,19.814478
0.132000,158.949997,120.120003,141.809998,143.210007,23.550043,21.855518,21.007034,20.543407
0.411000,114.580002,111.900002,145.250000,422.059998,22.196108,21.018438,20.361204,20.091576
0.201000,135.490005,112.629997,69.360001,42.770000,26.345560,23.758938,22.511219,21.430429
0.427000,265.329987,204.350006,126.230003,99.320000,20.606319,19.342680,18.876900,18.576813
0.378000,364.799988,282.160004,267.609985,2227.629883,20.148035,19.462954,19.011007,18.821905
0.113000,118.190002,90.010002,76.830002,53.500000,22.100309,21.079323,20.535957,20.245268
0.126000,252.539993,173.699997,164.649994,95.540001,22.350723,20.632980,19.788321,19.419901
0.147000,87.269997,102.809998,73.480003,335.700012,21.244522,20.544340,20.262402,19.935816
1.200000,455.959991,338.190002,534.280029,4174.330078,19.519659,19.089571,18.756699,18.675083
5.730000,46.139999,36.080002,44.880001,252.330002,23.148865,22.551279,21.934799,21.675850
0.484000,312.489990,262.899994,205.910004,890.929993,20.425455,19.347834,18.889742,18.580599
0.089000,239.470001,212.550003,138.490005,429.019989,21.400768,20.149729,19.562426,19.234856
0.176000,131.509995,120.500000,117.370003,224.429993,22.130455,20.821278,20.342615,19.984423
0.131000,156.130005,152.899994,104.699997,753.250000,20.694744,19.977367,19.605190,19.440510
0.355000,313.399994,259.589996,177.119995,114.089996,21.254393,19.520105,18.974270,18.624262
0.118000,97.610001,59.790001,50.400002,54.340000,23.519657,21.985523,21.212864,20.814924
0.077000,47.439999,58.610001,41.939999,218.520004,21.758549,21.107306,20.690376,20.450050
0.120000,111.669998,84.000000,91.419998,122.610001,22.785551,21.579473,20.745056,20.433952
0.175000,204.720001,213.259995,156.850006,662.030029,20.482428,19.693684,19.262106,19.053612
0.184000,120.209999,140.960007,104.230003,520.280029,20.758167,20.036242,19.830555,19.475853
0.201000,115.209999,124.889999,102.419998,477.049988,21.567362,20.800789,20.362656,20.125624
0.119000,185.470001,175.830002,134.339996,479.549988,21.156097,20.171644,19.724361,19.463223
0.425000,41.860001,45.000000,66.370003,67.029999,23.987663,23.428801,22.796387,22.144794
1.298000,356.079987,391.790009,319.489990,1642.329956,20.075386,19.256643,18.960379,18.574100
0.784000,109.029999,87.720001,116.349998,242.770004,25.033073,23.207556,22.008997,21.478521
0.528000,194.509995,150.419998,96.709999,87.209999,21.695522,20.029089,19.445093,19.111557
0.165000,124.250000,121.120003,108.980003,313.010010,22.778955,21.272747,20.668493,20.217966
0.135000,105.440002,140.460007,239.789993,413.959991,19.490398,19.426460,19.413355,19.261318
0.168000,265.640015,222.360001,175.300003,543.989990,20.304739,19.344997,18.935518,18.724134
8.705000,543.130005,440.619995,332.529999,335.250000,19.991966,18.645008,18.202450,17.929413
0.176000,63.810001,72.459999,63.779999,302.839996,22.980686,21.835398,21.316729,20.858978
1.005000,421.549988,321.959991,194.320007,146.679993,20.302378,18.954712,18.469166,18.165026
0.204000,590.599976,844.159973,1212.869995,1770.130005,18.979412,18.512989,18.378410,18.321785
0.228000,115.320000,84.889999,63.889999,58.160000,24.405195,23.029474,21.977194,21.258535
0.155000,108.230003,118.540001,89.559998,410.579987,21.320618,20.470600,19.954491,19.674992
0.125000,121.419998,80.220001,71.029999,58.660000,22.690384,21.922661,21.152721,20.794769
0.174000,184.429993,129.970001,144.589996,112.500000,22.359816,21.067225,20.482052,20.115999
0.117000,146.789993,123.139999,114.650002,156.949997,22.685917,21.255117,20.642511,20.219051
2.902000,256.239990,182.250000,188.619995,179.449997,22.570705,21.476252,20.811953,20.381380
0.102000,157.800003,143.800003,95.120003,228.210007,21.932793,20.682556,20.140806,19.754889
0.110000,129.100006,97.809998,74.889999,634.650024,21.184212,20.541668,20.140045,19.969904
0.213000,142.979996,106.430000,132.880005,137.529999,23.226658,21.933453,21.268106,20.846508
0.137000,250.800003,220.259995,184.850006,414.570007,21.788305,20.263428,19.713989,19.326372
0.156000,235.649994,221.940002,175.570007,1039.699951,20.266029,19.454548,19.018213,18.804579
0.219000,307.230011,242.699997,208.320007,1529.030029,20.115015,19.406986,19.005594,18.797390
0.116000,131.720001,125.120003,98.120003,239.800003,22.351526,21.046131,20.492470,20.072176
0.126000,100.180000,125.449997,92.290001,472.040009,21.301659,20.366278,20.101376,19.706827
0.198000,116.370003,134.300003,172.009995,235.669998,21.087843,20.906767,20.881071,20.673098
0.411000,139.429993,115.239998,82.290001,71.739998,21.814806,20.294201,19.733963,19.415636
0.305000,192.889999,181.500000,186.899994,904.820007,21.773024,20.642307,20.058500,19.758862
0.943000,119.070000,88.080002,130.889999,65.730003,23.112589,21.727095,21.015596,20.514471
0.254000,302.670013,212.139999,174.630005,95.239998,22.255669,20.382235,19.587353,19.147385
0.226000,266.540009,269.980011,192.600006,966.039978,20.355968,19.494862,18.933657,18.723530
0.147000,237.270004,189.960007,150.979996,588.390015,20.977575,19.858404,19.366976,19.039984
3.606000,189.839996,153.429993,82.550003,54.689999,21.639528,20.034042,19.499607,19.175695
0.099000,91.150002,91.849998,90.620003,99.110001,24.442503,23.645348,22.972233,22.196726
0.146000,121.269997,105.099998,80.690002,615.000000,22.363325,21.206758,20.661274,20.302193
0.301000,329.619995,307.739990,248.610001,1795.199951,20.430538,19.605377,19.198532,18.873734
0.200000,358.799988,295.820007,242.240005,1458.469971,20.441465,19.485502,19.038387,18.756010
0.263000,279.079987,190.949997,234.070007,1578.780029,20.106859,19.423336,19.093361,18.873236
7.186000,256.660004,189.250000,156.339996,105.699997,22.699860,20.781706,20.000835,19.530052
0.643000,427.390015,304.179993,187.889999,173.550003,19.748240,18.629675,18.196745,17.909130
0.244000,193.820007,150.720001,129.979996,861.609985,20.569328,19.851131,19.479731,19.289974
0.108000,166.850006,127.860001,101.250000,795.400024,20.459049,19.816713,19.479261,19.295855
0.242000,69.370003,57.740002,64.440002,58.919998,24.166281,22.984039,22.140352,21.637873
0.143000,385.440002,319.630005,234.580002,851.840027,20.073492,19.085443,18.596935,18.344433
0.149000,149.800003,172.279999,197.990005,422.820007,21.100468,20.049934,19.607714,19.394974
0.127000,65.169998,46.740002,63.240002,68.550003,23.600946,22.452324,21.846886,21.502932
0.333000,374.600006,309.429993,186.979996,192.380005,21.313696,19.741404,19.141624,18.765985
0.074000,138.509995,94.320000,102.440002,93.589996,22.345432,21.589703,20.838913,20.544304
0.433000,251.649994,197.500000,174.270004,1386.380005,19.837517,19.283907,18.941946,18.813602
0.131000,179.880005,164.360001,107.470001,373.420013,21.149370,20.116459,19.675436,19.402447
0.231000,188.699997,189.020004,141.639999,1112.160034,20.102755,19.486294,19.018402,18.943727
0.120000,77.510002,58.590000,52.680000,91.389999,23.162458,22.301476,21.496267,21.181080
2.465000,224.080002,147.160004,132.630005,46.380001,22.992842,21.099117,20.173399,19.719288
0.195000,273.380005,203.419998,113.010002,89.809998,20.719423,19.326422,18.896322,18.574047
0.130000,153.289993,144.309998,121.889999,496.679993,21.970707,20.837595,20.311331,19.994051
0.100000,63.570000,56.790001,74.099998,79.260002,23.072813,21.844309,21.423817,21.097553
0.135000,189.809998,175.850006,138.160004,712.750000,20.483910,19.689732,19.343452,19.149916
3.019000,886.619995,615.219971,376.010010,329.179993,19.447536,18.347094,17.945030,17.655029
0.147000,112.889999,104.639999,81.980003,211.119995,22.924837,21.511736,20.973213,20.523766
0.101000,188.160004,132.410004,154.229996,810.030029,19.681152,19.256418,19.091282,18.960630
1.283000,232.589996,150.470001,123.519997,68.480003,23.084879,21.269951,20.258392,19.798992
0.217000,261.829987,182.839996,194.199997,1098.380005,20.522381,19.775049,19.402239,19.111597
0.261000,190.419998,191.440002,182.949997,515.669983,21.208057,20.004807,19.512342,19.264540
0.172000,110.610001,98.059998,82.739998,65.559998,24.493551,23.371250,22.475599,21.692703
0.322000,97.540001,63.000000,56.250000,51.290001,24.086466,22.848234,21.703249,21.141121
0.885000,501.950012,514.299988,420.750000,3048.850098,19.703754,19.067877,18.642149,18.497429
0.753000,164.929993,218.350006,284.890015,398.890015,20.281025,20.088409,20.004715,19.816643
1.140000,135.539993,118.800003,80.129997,51.169998,21.903711,20.348213,19.836498,19.496214
0.138000,34.160000,39.830002,55.020000,119.989998,23.896330,22.560019,21.912642,21.437990
0.118000,162.509995,136.729996,116.370003,180.899994,23.409912,21.666925,20.897932,20.341917
0.111000,120.379997,84.430000,77.220001,93.459999,22.435856,21.524286,20.890953,20.586105
0.555000,929.969971,704.739990,594.039978,2864.750000,19.583765,18.676800,18.107447,17.846956
0.690000,413.809998,293.239990,232.520004,582.450012,21.226765,20.157883,19.631943,19.298466
0.314000,213.979996,207.139999,157.369995,499.040009,22.020521,20.629665,20.051508,19.694164
0.133000,142.520004,116.779999,102.150002,747.989990,20.053837,19.576834,19.308905,19.214952
0.162000,226.809998,201.050003,172.610001,653.989990,20.497536,19.608418,19.215055,18.966713
0.204000,229.889999,191.539993,149.880005,1017.150024,21.654995,20.789303,20.326775,19.984610
0.399000,206.020004,229.149994,171.169998,740.340027,20.497900,19.681820,19.373938,18.995937
0.116000,136.369995,124.190002,98.620003,227.729996,23.018318,21.572763,20.981436,20.513048
0.316000,258.220001,229.800003,166.410004,972.070007,21.076178,20.164732,19.663464,19.429504
0.516000,159.139999,101.440002,98.750000,39.590000,24.105125,22.446686,21.263683,20.778488
0.097000,85.720001,82.129997,48.419998,169.839996,21.925682,20.869688,20.521999,20.198893
0.171000,245.289993,202.250000,164.139999,238.009995,21.812162,20.423038,19.909372,19.504675
0.295000,192.490005,225.470001,175.630005,1029.680054,21.026754,20.237268,19.732971,19.585114
0.103000,437.279999,346.989990,293.640015,841.760010,20.018276,19.110722,18.691500,18.445257
0.204000,101.180000,89.580002,68.040001,168.759995,22.913948,21.484028,20.876280,20.470238
0.105000,208.820007,180.570007,124.809998,427.529999,20.797668,19.815643,19.336933,19.052774
0.185000,118.680000,127.309998,78.050003,369.829987,22.734400,21.443987,20.877148,20.423832
0.088000,102.849998,106.919998,97.809998,468.179993,22.111540,21.123623,20.588398,20.255562
0.109000,1056.229980,646.030029,534.929993,607.140015,18.269217,17.481201,17.145063,16.905659
1.082000,133.660004,84.709999,87.250000,69.320000,23.433224,22.223804,21.156515,20.725729
0.117000,95.730003,70.250000,89.260002,78.809998,23.759241,22.862549,22.123552,21.750439
0.089000,92.699997,81.250000,90.889999,108.410004,24.903559,23.471260,22.370916,21.836031
0.123000,164.589996,167.429993,112.970001,874.650024,21.185867,20.153219,19.661827,19.390385
0.145000,131.089996,89.489998,96.120003,70.989998,22.645163,21.470863,20.801027,20.486578
0.177000,65.080002,52.529999,72.459999,63.480000,23.783270,22.837301,22.228937,21.907263
0.168000,155.089996,123.070000,78.900002,676.340027,21.299728,20.628965,20.168131,19.952484
0.312000,529.280029,344.880005,312.070007,1051.770020,19.316814,18.399342,18.021755,17.781216
0.159000,330.540009,240.570007,153.990005,104.430000,20.000366,18.894444,18.482725,18.194300
0.092000,298.940002,255.639999,176.320007,129.220001,21.577021,19.911915,19.336645,18.962490
0.088000,112.940002,105.300003,70.709999,195.830002,22.961931,21.648415,21.014652,20.592081
0.124000,187.490005,163.169998,77.449997,68.370003,21.661013,20.074427,19.540234,19.233812
0.243000,204.809998,165.960007,144.250000,1288.530029,19.936811,19.455667,19.147902,19.058918
0.210000,250.949997,231.199997,190.479996,406.339996,20.825457,19.707684,19.298004,19.019949
0.244000,199.440002,191.259995,166.320007,938.710022,21.199774,20.222433,19.722219,19.469748
0.137000,94.519997,106.629997,58.369999,299.519989,21.428938,20.545740,20.222696,19.885555
0.134000,167.690002,148.789993,95.989998,511.540009,20.910414,20.007263,19.534184,19.294580
2.928000,315.029999,241.750000,119.470001,157.309998,20.499477,19.201897,18.723969,18.406424
0.420000,226.539993,255.339996,335.920013,936.419983,20.703203,19.895388,19.487513,19.281538
0.188000,146.279999,125.330002,154.919998,116.510002,24.033672,22.256519,21.298296,20.772211
0.355000,126.570000,134.630005,130.559998,515.320007,23.205139,21.648045,20.970467,20.404688
0.110000,155.229996,146.509995,96.599998,288.890015,22.102863,20.788092,20.321091,19.923677
0.132000,55.730000,42.259998,61.410000,48.849998,23.533594,22.360472,21.796841,21.456699
0.173000,246.520004,349.339996,434.820007,612.489990,20.889130,20.405308,20.438133,20.368177
0.122000,189.639999,183.610001,126.279999,662.239990,21.459948,20.287579,19.714619,19.430569
0.278000,162.179993,105.930000,56.220001,65.070000,23.514738,21.685301,20.644175,20.191355
0.661000,135.919998,82.660004,62.970001,42.799999,23.925236,22.082113,20.949778,20.471462
0.125000,175.169998,123.370003,123.209999,998.640015,20.069210,19.550516,19.263161,19.129372
0.170000,116.470001,107.900002,86.900002,755.380005,21.835201,21.037571,20.577333,20.371479
0.155000,125.470001,132.059998,113.699997,489.089996,23.320374,21.983097,21.238432,20.688587
0.319000,214.720001,176.309998,143.190002,609.429993,20.971069,19.943953,19.424822,19.116251
0.959000,767.890015,1234.349976,2144.100098,3426.439941,17.906059,17.783979,17.713886,17.738695
0.201000,62.919998,60.980000,46.040001,159.570007,21.272392,20.595545,20.303745,20.170179
1.237000,162.020004,126.180000,98.910004,48.200001,22.389624,20.587351,19.915705,19.559427
0.104000,77.099998,67.550003,46.759998,317.149994,21.290285,20.640524,20.296700,20.180853
0.138000,251.009995,187.679993,175.360001,797.809998,20.406706,19.502844,19.065617,18.753973
2.297000,75.910004,80.279999,127.889999,337.410004,23.768887,22.904764,22.071320,21.227066
0.372000,112.860001,99.669998,126.660004,161.149994,23.453768,22.128069,21.637548,21.239910
0.131000,121.269997,109.540001,74.760002,702.929993,21.597542,20.704254,20.200249,19.982132
0.129000,151.509995,138.639999,101.519997,522.390015,21.767958,20.786163,20.204424,19.928522
0.573000,118.040001,82.320000,55.369999,50.139999,25.110830,22.960249,21.735497,20.965521
0.088000,120.029999,126.980003,77.769997,325.070007,21.100191,20.209938,19.829355,19.502714
0.134000,154.300003,150.460007,142.130005,850.510010,20.429131,19.742105,19.363499,19.249708
0.122000,167.500000,164.779999,127.839996,370.059998,20.894997,19.901108,19.539570,19.255989
0.121000,247.490005,168.820007,221.210007,1273.390015,19.696552,19.109579,18.823599,18.646868
0.116000,125.160004,194.279999,355.690002,737.909973,22.822908,21.327873,20.765039,20.395237
2.027000,434.299988,531.460022,659.099976,986.659973,19.583134,19.259571,18.884041,18.799065
0.780000,246.830002,196.539993,161.660004,85.669998,22.056416,20.123028,19.534410,19.161823
0.674000,176.470001,199.919998,294.989990,492.929993,23.213728,22.206728,21.342346,20.932741
0.165000,171.440002,169.279999,111.519997,776.150024,20.701988,19.934309,19.497240,19.336647
0.121000,68.660004,55.970001,52.490002,60.630001,23.006601,21.600262,20.828396,20.589745
0.341000,167.759995,137.690002,88.190002,76.260002,22.806858,21.032768,20.302841,19.893524
0.119000,221.679993,169.800003,169.580002,1105.390015,20.494724,19.707138,19.247561,19.039017
0.507000,192.850006,152.070007,79.370003,78.800003,21.304033,19.819927,19.330845,18.996599
0.164000,141.860001,97.620003,102.629997,79.650002,22.763559,21.625910,20.992702,20.671322
0.163000,226.960007,180.509995,168.449997,794.440002,20.403997,19.562216,19.092974,18.860878
0.177000,118.120003,131.350006,128.539993,320.750000,21.396502,20.349539,19.952511,19.694752
0.360000,127.349998,176.070007,323.959991,893.969971,23.488739,22.329954,21.552107,20.920078
0.108000,95.150002,140.660004,198.020004,312.940002,20.591816,20.304855,20.159124,20.167610
0.132000,359.019989,366.799988,429.540009,942.059998,21.591814,20.136078,19.505875,19.134907
0.510000,705.400024,541.460022,385.489990,315.500000,19.250038,18.202372,17.763428,17.473270
9.883000,74.769997,88.199997,102.500000,127.480003,22.808725,22.174574,22.047924,22.046139
0.184000,563.880005,427.500000,311.250000,1436.359985,20.168295,19.087154,18.584927,18.250858
0.212000,211.550003,150.729996,150.869995,115.690002,23.551374,21.783236,20.876432,20.353987
0.205000,142.360001,165.779999,134.899994,1037.900024,21.551752,20.496983,19.855402,19.610176
0.107000,225.919998,187.229996,146.220001,585.739990,20.905104,19.894970,19.419094,19.117884
0.266000,184.830002,201.380005,136.490005,621.909973,21.499397,20.456146,19.999460,19.547411
0.147000,180.250000,200.990005,219.589996,463.929993,20.976992,19.884163,19.427202,19.162455
0.086000,137.639999,125.730003,89.059998,348.140015,21.488985,20.590084,20.169334,19.943983
0.096000,51.680000,58.380001,60.529999,153.220001,23.615173,22.405180,21.933519,21.529530
0.166000,220.169998,164.690002,141.410004,148.039993,21.831488,20.556644,19.977581,19.663385
1.039000,273.980011,202.550003,160.729996,99.220001,22.110189,20.216722,19.538170,19.140701
0.248000,913.299988,1495.010010,2405.810059,3663.729980,18.081686,17.933315,18.013573,17.905636
1.647000,153.339996,110.809998,137.899994,78.010002,22.793364,21.054773,20.308420,19.951687
1.122000,574.979980,727.109985,1232.550049,3596.439941,19.550257,18.693754,18.374950,18.215675
0.207000,112.559998,113.260002,114.690002,143.750000,22.694321,22.087431,21.746733,21.300116
0.123000,182.119995,116.970001,115.050003,73.040001,23.519981,21.767189,20.688028,20.207649
0.165000,155.710007,223.729996,419.790009,644.909973,19.563080,19.502438,19.415817,19.208443
0.360000,188.440002,127.370003,106.730003,56.500000,24.559429,22.415184,21.209627,20.442968
0.096000,74.610001,77.699997,51.930000,227.000000,21.242933,20.464033,20.226065,19.927179
0.192000,196.970001,160.000000,159.139999,237.070007,22.584913,21.059498,20.447466,19.988829
0.109000,83.709999,64.180000,68.110001,92.269997,22.667725,21.654526,21.180910,20.859062
0.109000,95.449997,95.169998,64.250000,217.470001,21.706604,20.746752,20.390190,20.065973
0.267000,99.680000,62.770000,64.080002,41.660000,24.651970,22.925150,21.698404,21.160496
0.305000,225.089996,195.139999,178.179993,359.980011,22.470707,20.994347,20.446960,20.065603
0.277000,304.890015,238.740005,235.610001,1735.719971,20.032108,19.360264,18.990719,18.827303
0.123000,149.869995,108.849998,79.220001,65.330002,24.651936,22.771812,21.513105,20.761820
0.112000,66.349998,59.099998,52.480000,105.570000,23.819317,22.118717,21.446396,20.986414
0.255000,146.570007,182.300003,228.210007,307.079987,21.986263,20.703308,20.195183,19.908148
0.206000,404.950012,315.609985,198.050003,140.929993,20.461390,19.103123,18.595173,18.264322
51.667000,206.330002,143.039993,131.330002,69.019997,23.030712,21.164017,20.232637,19.803522
0.120000,141.410004,116.800003,111.000000,113.900002,22.757017,21.478363,20.866100,20.424173
0.161000,88.639999,90.959999,132.800003,98.000000,23.839760,22.605745,22.003031,21.584362
0.096000,210.300003,155.399994,157.619995,833.039978,21.294348,20.352434,19.842699,19.540283
0.153000,75.540001,54.180000,48.419998,50.169998,23.530567,22.422876,21.562263,21.265417
0.140000,212.169998,131.039993,110.040001,67.139999,23.530977,21.912807,20.747269,20.195143
0.176000,328.910004,286.250000,212.300003,1073.500000,20.255117,19.335388,18.916719,18.669315
0.103000,79.800003,60.570000,48.480000,96.059998,24.291773,22.529827,21.708603,21.214956
0.133000,102.339996,85.190002,97.559998,150.949997,21.838671,21.043970,20.682489,20.452934
0.121000,236.960007,202.789993,157.630005,654.640015,21.488958,20.267832,19.741434,19.361055
1.844000,2517.479980,1659.599976,1346.280029,1785.420044,17.568996,16.736465,16.467274,16.202837
0.182000,100.000000,103.300003,81.970001,64.790001,25.578140,24.323042,23.324181,22.244957
0.248000,229.619995,189.289993,156.429993,1062.359985,20.648409,19.866974,19.453789,19.246918
0.125000,97.760002,83.860001,56.080002,80.040001,24.005072,23.393139,22.558737,21.960676
0.117000,79.279999,84.739998,81.529999,266.179993,22.019884,21.073584,20.652617,20.239365
0.161000,528.219971,380.989990,298.239990,803.270020,19.210426,18.307919,17.848986,17.621374
0.122000,262.600006,238.139999,154.500000,509.940002,20.915577,19.759327,19.186100,18.921015
0.131000,95.070000,72.330002,66.839996,398.320007,21.097658,20.437515,20.045948,19.829094
0.199000,275.019989,227.479996,162.000000,114.480003,21.267241,19.664122,19.115725,18.800064
0.260000,100.410004,101.379997,158.160004,214.139999,25.502981,23.101866,22.123434,21.399893
0.133000,121.309998,124.199997,164.490005,307.049988,22.133011,20.794216,20.175154,19.808064
0.429000,78.680000,62.990002,50.680000,46.759998,25.943918,24.026682,22.801809,22.113066
0.237000,54.730000,68.510002,55.930000,75.860001,23.507086,23.247074,22.853672,22.486471
15.814000,29.320000,38.889999,56.020000,53.340000,23.061880,22.727800,22.245594,22.121315
0.095000,32.290001,44.509998,63.639999,148.360001,23.951071,22.643335,22.106091,21.572683
8.294000,76.830002,101.820000,129.100006,199.169998,20.185274,20.202093,20.018730,20.031874
0.239000,187.550003,157.770004,136.229996,233.800003,21.610229,20.251104,19.701317,19.318058
26.483999,89.339996,65.160004,65.800003,59.730000,24.375854,23.071959,22.038713,21.238474
0.130000,112.650002,104.449997,86.779999,225.529999,22.550190,21.417519,20.971823,20.549585
0.095000,63.669998,71.230003,55.279999,377.390015,20.796457,20.309076,19.996742,19.954298
0.146000,96.129997,109.889999,101.059998,406.720001,22.736679,21.694675,21.051928,20.679771
0.105000,104.769997,79.010002,73.879997,349.019989,21.021036,20.435987,20.050039,19.875229
0.369000,480.109985,737.450012,1310.079956,2007.540039,22.607550,21.208965,20.675171,20.290121
0.177000,126.809998,122.589996,76.699997,256.320007,21.386730,20.361414,19.989300,19.705185
0.105000,123.070000,82.529999,62.029999,54.040001,24.907938,22.999664,21.639143,20.984379
42.710999,481.660004,508.519989,567.929993,750.780029,20.787741,19.491356,18.954727,18.662554
0.182000,182.309998,176.570007,128.460007,914.869995,20.962255,20.151196,19.714748,19.494511
0.112000,109.400002,81.459999,108.279999,117.730003,24.316187,22.537434,21.745071,21.190502
1.225000,214.660004,167.960007,161.690002,150.770004,23.059235,21.255123,20.510143,20.050425
0.620000,162.610001,106.769997,100.589996,49.230000,24.789791,22.603228,21.338795,20.723230
0.108000,132.250000,95.860001,103.449997,86.029999,24.910654,23.132414,21.889864,21.363649
0.309000,263.880005,191.089996,226.550003,1738.369995,19.282108,18.980433,18.681498,18.628735
0.334000,220.470001,203.240005,155.000000,308.480011,22.281996,20.661516,19.979511,19.539713
0.185000,240.440002,229.309998,164.619995,544.380005,22.490484,20.941431,20.233440,19.767872
0.396000,322.899994,257.029999,143.910004,123.779999,20.454676,19.106123,18.659460,18.376934
0.157000,378.369995,279.950012,289.200012,1606.290039,20.826273,19.861673,19.356464,18.992283
0.124000,127.410004,126.650002,97.099998,325.920013,21.087029,20.222975,19.878391,19.584097
0.289000,241.589996,235.619995,229.860001,1185.069946,20.355789,19.699896,19.294395,19.147373
3.135000,202.679993,133.740005,112.000000,42.740002,23.679182,21.799809,20.657707,20.146612
0.227000,156.710007,123.820000,100.510002,859.169983,21.118380,20.338528,19.921215,19.672552
0.326000,243.809998,276.690002,265.019989,575.299988,21.526623,20.137476,19.698143,19.322620
0.109000,129.190002,130.259995,104.629997,323.929993,22.509275,21.204388,20.659678,20.195478
0.242000,233.059998,186.639999,138.169998,87.580002,21.736502,19.975782,19.378334,19.065720
0.405000,164.809998,129.929993,84.709999,114.769997,21.211378,19.943411,19.460266,19.190468
0.307000,237.699997,251.389999,209.529999,807.450012,21.376778,20.190350,19.737610,19.320448
0.102000,157.750000,108.389999,102.400002,77.489998,22.328669,21.122219,20.451286,20.082113
0.208000,361.309998,310.040009,318.700012,1316.079956,20.901455,19.709581,19.163355,18.817312
0.153000,119.839996,172.839996,259.329987,392.420013,22.871885,21.802734,21.168980,21.035362
0.209000,111.650002,105.239998,90.639999,624.489990,20.811081,20.318933,19.985287,19.876453
0.509000,228.130005,176.669998,115.519997,77.019997,21.684797,20.024017,19.419676,19.064928
0.215000,269.839996,243.039993,203.669998,847.229980,20.086174,19.274065,18.880934,18.709873
0.414000,165.919998,232.559998,340.450012,489.220001,21.630798,20.940508,20.720091,20.563923
0.266000,188.000000,140.179993,144.199997,175.869995,21.953674,20.682035,20.113617,19.765451
0.381000,379.140015,310.480011,206.529999,566.229980,20.655472,19.329779,18.841793,18.499336
0.111000,180.199997,125.949997,159.860001,875.489990,19.899193,19.370977,19.107758,18.970970
