0.210000,107.519997,72.760002,65.209999,56.259998,24.195892,22.721561,19.989246,21.117460
1.414498,193.949997,154.509995,120.949997,125.209999,22.137892,20.610806,20.049749,19.626116
1.414498,632.809998,439.500000,347.660004,290.660004,18.816256,17.972008,17.608311,17.345821
0.811000,333.890015,217.441605,187.729996,103.269997,21.044807,19.418449,18.905779,18.605272
1.414498,151.880005,217.441605,86.970001,55.520000,21.769228,21.981268,20.877180,19.673309
1.414498,81.669998,217.441605,79.800003,53.130001,24.558434,22.841192,21.920364,21.386562
0.119000,229.130005,198.380005,131.179993,567.909973,20.460943,19.453178,19.041002,18.796091
0.153000,112.919998,86.760002,104.989998,123.440002,21.769228,20.610806,19.989246,19.673309
0.103000,241.532654,346.989990,202.094055,841.760010,20.018276,19.110722,18.691500,18.445257
1.414498,162.509995,217.441605,116.370003,180.899994,23.409912,21.666925,20.897932,20.341917
1.414498,85.449997,85.070000,202.094055,197.199997,22.656858,21.304802,20.785734,19.673309
0.280000,285.410004,240.869995,228.300003,1413.359985,21.769228,19.564480,19.133860,19.673309
0.296000,241.532654,247.929993,375.850006,634.235779,20.682070,20.021767,19.531977,19.313332
1.414498,205.929993,164.539993,104.129997,634.235779,21.246243,19.764090,19.989246,18.910429
1.414498,241.532654,511.350006,560.010010,3902.260010,20.054459,19.125044,18.636421,18.307667
0.102000,209.619995,145.970001,167.940002,123.070000,21.769228,21.065914,20.359903,19.984419
0.234000,142.490005,157.960007,202.094055,375.839996,22.260990,20.844358,20.310095,19.953106
0.162000,79.989998,61.750000,85.839996,186.179993,21.769228,21.756184,21.162188,20.789942
0.121000,113.400002,93.860001,71.199997,45.889999,22.041431,20.473843,19.863485,19.556850
0.113000,241.532654,217.441605,149.500000,782.510010,21.769228,19.898054,19.389456,19.673309
1.414498,487.760010,374.470001,239.929993,634.235779,20.222628,19.139435,18.701628,18.402044
1.414498,241.532654,145.649994,164.940002,373.190002,21.415094,20.255358,19.878874,19.673309
0.234000,78.419998,56.540001,56.299999,66.500000,25.235331,23.447758,19.989246,22.034483
1.414498,241.532654,191.020004,176.880005,921.500000,20.000856,19.278679,18.920059,18.703447
4.684000,241.532654,128.570007,124.589996,72.379997,23.671379,21.871313,20.716471,20.238367
0.297000,271.420013,237.860001,187.279999,1465.880005,19.903196,19.237217,18.906355,19.673309
1.414498,92.699997,81.250000,202.094055,634.235779,24.903559,23.471260,22.370916,21.836031
1.414498,241.532654,518.820007,435.720001,2412.379883,19.807951,18.871367,18.373814,18.085354
1.414498,56.919998,55.220001,55.700001,74.940002,21.769228,20.610806,21.789452,19.673309
0.111000,428.730011,309.929993,202.094055,700.890015,19.272398,20.610806,18.090408,19.673309
1.414498,241.532654,126.180000,98.910004,48.200001,22.389624,20.587351,19.915705,19.559427
0.074000,138.509995,94.320000,202.094055,93.589996,22.345432,21.589703,20.838913,19.673309
0.159000,241.532654,63.480000,96.889999,74.309998,23.051062,20.610806,19.989246,21.192661
2.027000,434.299988,217.441605,202.094055,986.659973,19.583134,19.259571,18.884041,18.799065
0.123000,241.532654,65.800003,76.680000,60.470001,23.073326,21.752247,21.143190,20.762857
0.200000,241.532654,86.180000,177.649994,388.980011,23.074623,21.663675,21.136517,19.673309
0.132000,359.019989,366.799988,429.540009,942.059998,21.591814,20.136078,19.505875,19.134907
1.844000,2517.479980,1659.599976,1346.280029,1785.420044,17.568996,16.736465,16.467274,16.202837
0.488000,281.510010,169.770004,126.050003,84.440002,23.988924,21.876614,20.555420,20.007256
0.119000,100.800003,217.441605,80.830002,634.235779,23.123819,21.733097,21.148117,20.776102
2.095000,425.609985,217.441605,202.094055,165.940002,20.310627,18.904531,19.989246,18.142479
0.427000,2900.590088,3620.030029,4791.240234,8875.620117,17.822603,20.610806,17.312479,17.372149
0.237000,357.829987,217.441605,284.690002,1698.560059,21.769228,19.408089,18.843456,18.597712
0.116000,141.529999,97.070000,115.720001,634.235779,22.663546,21.306993,20.690542,20.313805
2.055000,195.899994,217.441605,85.309998,65.010002,21.685442,20.610806,19.511747,19.210922
1.037000,133.830002,92.449997,202.094055,57.119999,21.769228,23.001095,21.776810,19.673309
0.120000,241.532654,116.800003,111.000000,113.900002,22.757017,21.478363,19.989246,20.424173
0.159000,330.540009,240.570007,153.990005,104.430000,20.000366,18.894444,18.482725,18.194300
0.208000,200.529999,168.160004,106.919998,64.330002,22.151781,20.438665,19.807941,19.445547
0.100000,83.370003,83.989998,202.094055,193.179993,23.043041,20.610806,21.285604,20.845446
1.516000,100.669998,64.680000,73.940002,43.790001,22.865269,21.796278,19.989246,19.673309
0.464000,126.220001,121.699997,202.094055,211.449997,23.517979,21.830627,21.223814,20.759758
0.128000,123.370003,129.300003,202.094055,397.459991,21.769228,20.347183,19.865057,19.673309
1.414498,120.129997,89.500000,82.629997,59.020000,23.584929,21.864594,21.039412,19.673309
0.267000,140.919998,217.441605,134.210007,375.690002,18.634161,18.637074,18.810844,19.673309
0.327000,309.450012,329.890015,202.094055,784.070007,21.400513,20.221766,19.764858,19.673309
0.090000,157.029999,133.330002,202.094055,155.100006,21.885187,20.610806,19.989246,19.662815
0.156000,167.419998,163.899994,130.029999,350.179993,21.769228,20.332661,19.926723,19.625626
0.489000,114.320000,149.770004,226.309998,914.710022,21.289244,20.524275,20.360064,19.806755
0.131000,139.279999,120.129997,122.309998,157.399994,22.940578,20.610806,20.980270,20.601194
1.414498,150.470001,127.230003,91.019997,713.440002,20.263130,19.652218,19.338053,19.673309
0.111000,85.500000,92.379997,79.610001,634.235779,21.769228,21.615934,21.055702,19.673309
1.414498,142.690002,217.441605,106.000000,634.235779,21.630997,20.440042,19.953871,19.596907
0.212000,179.149994,179.410004,120.250000,794.809998,21.103130,20.247995,19.822023,19.673309
0.711000,218.839996,132.100006,97.900002,634.235779,23.769789,21.700260,20.561558,20.061277
1.414498,178.669998,120.050003,202.094055,57.630001,23.048670,21.156239,20.277496,19.863035
0.100000,99.669998,89.279999,87.510002,136.839996,22.248493,21.248949,20.841686,20.454361
1.414498,340.640015,217.441605,236.179993,975.979980,21.578449,20.349051,19.741880,19.315603
0.119000,221.679993,217.441605,169.580002,634.235779,20.494724,20.610806,19.989246,19.673309
1.414498,402.630005,217.441605,282.279999,2083.419922,20.227900,19.381905,18.903662,18.659922
0.393000,241.532654,348.440002,230.330002,752.549988,19.603500,18.569729,18.140997,19.673309
0.241000,199.750000,217.441605,202.094055,217.270004,21.138517,19.814169,19.411194,19.156574
0.794000,241.532654,561.400024,643.070007,4435.419922,21.769228,19.014683,18.508209,18.231194
1.414498,164.149994,178.089996,122.769997,546.549988,20.585043,19.778385,19.499540,19.132998
1.414498,241.532654,101.379997,202.094055,634.235779,25.502981,20.610806,19.989246,21.399893
0.519000,703.010010,512.109985,202.094055,4099.109863,19.552191,18.775633,18.318216,18.059576
0.108000,197.919998,131.330002,123.010002,68.769997,23.658918,21.691586,20.655407,20.105190
1.414498,79.410004,217.441605,79.059998,69.239998,21.769228,21.969799,21.390457,21.085363
0.414000,165.919998,217.441605,340.450012,489.220001,21.630798,20.940508,20.720091,20.563923
0.242000,196.110001,212.149994,159.050003,631.390015,21.769228,20.610806,19.847933,19.478088
1.414498,315.049988,217.441605,171.490005,93.120003,21.769228,19.359356,19.989246,18.558952
3.557000,194.119995,156.440002,202.094055,72.150002,21.769228,20.610806,19.989246,19.673309
0.314000,241.532654,166.100006,202.094055,634.235779,20.997332,20.182392,19.726112,19.518229
1.414498,241.532654,184.740005,162.919998,634.235779,22.217878,20.964712,20.462042,20.068911
0.110000,97.510002,89.730003,65.580002,524.169983,20.409975,20.610806,19.665319,19.576878
0.202000,187.759995,217.441605,202.094055,634.235779,21.769228,20.610806,20.195570,19.754189
0.215000,178.509995,189.759995,147.750000,1216.280029,21.769228,19.832970,19.989246,19.231422
0.130000,241.532654,104.449997,202.094055,225.529999,22.550190,21.417519,20.971823,19.673309
0.412000,302.029999,286.309998,275.100006,591.190002,21.769228,20.610806,18.802380,18.588387
0.137000,250.800003,220.259995,184.850006,414.570007,21.788305,20.610806,19.713989,19.326372
0.105000,102.800003,80.730003,59.939999,55.709999,21.769228,22.562668,19.989246,21.241911
0.176000,301.230011,215.970001,202.094055,1767.880005,19.864124,20.610806,18.758528,18.568562
0.176000,328.910004,286.250000,202.094055,1073.500000,20.255117,19.335388,18.916719,18.669315
1.414498,125.470001,132.059998,113.699997,489.089996,23.320374,21.983097,19.989246,19.673309
0.162000,241.532654,217.441605,242.059998,634.235779,21.769228,20.150379,19.989246,19.673309
1.587000,61.900002,171.910004,418.299988,634.235779,21.769228,23.058920,22.513365,22.056700
0.078000,55.840000,54.950001,39.810001,133.759995,22.620993,20.610806,20.900478,20.558170
1.730000,556.539978,642.479980,759.539978,881.500000,19.509724,19.587406,19.392307,19.352518
0.109000,231.899994,167.580002,202.539993,1266.520020,21.769228,19.586870,19.219709,19.025553
0.139000,199.820007,204.990005,163.509995,579.590027,21.769228,20.665066,20.094280,19.661655
17.871000,95.209999,78.120003,55.840000,39.049999,25.062370,23.435385,22.306555,19.673309
0.121000,236.960007,202.789993,157.630005,634.235779,21.488958,20.267832,19.741434,19.361055
1.414498,267.829987,162.169998,133.550003,92.639999,23.177576,21.360937,20.286369,19.864166
1.414498,90.629997,88.919998,78.800003,634.235779,21.960646,20.559269,20.092434,19.803988
0.172000,342.739990,322.380005,221.009995,888.919983,21.387114,20.115391,19.588478,19.195946
0.138000,117.260002,78.680000,53.020000,46.160000,25.454897,23.031818,21.727774,19.673309
0.538000,236.710007,192.580002,133.990005,634.235779,21.203810,19.612946,19.105261,19.673309
1.414498,159.210007,151.039993,202.094055,634.235779,21.769228,20.610806,19.479317,19.226990
0.145000,119.550003,217.441605,77.690002,634.235779,25.503029,23.131966,21.878378,21.140779
1.414498,130.630005,105.550003,83.419998,645.700012,20.547096,20.027164,19.695774,19.572098
0.096000,94.529999,217.441605,61.020000,285.440002,22.241219,21.131912,20.626089,20.325073
0.241000,241.532654,330.070007,303.769989,1469.670044,19.986336,19.023489,18.559198,18.253170
1.414498,184.080002,149.750000,164.160004,235.399994,23.152838,20.610806,19.989246,20.427387
0.173000,246.520004,349.339996,202.094055,612.489990,20.889130,20.405308,20.438133,20.368177
0.509000,241.532654,176.669998,115.519997,77.019997,21.684797,20.610806,19.989246,19.064928
1.414498,149.240005,114.290001,202.094055,51.650002,22.316015,20.571562,19.989246,19.630882
0.095000,241.532654,217.441605,55.279999,634.235779,20.796457,20.309076,19.996742,19.954298
0.436000,241.532654,77.870003,202.094055,144.770004,23.268648,21.610622,21.072174,19.673309
4.240000,255.220001,350.739990,482.190002,629.890015,21.769228,19.123262,18.891933,18.925524
0.329000,1363.880005,1088.569946,202.094055,4039.360107,21.769228,17.913689,17.544147,17.261433
0.084000,200.979996,188.419998,202.094055,634.235779,21.289591,20.610806,19.623089,19.673309
0.100000,99.629997,217.441605,84.250000,186.250000,21.987633,20.833639,20.395966,20.004520
11.696000,91.809998,110.750000,145.630005,222.289993,19.981480,20.610806,19.631880,19.556221
0.205000,203.710007,211.289993,202.094055,634.235779,21.671326,20.504913,19.909004,19.673309
0.120000,241.532654,223.559998,170.240005,845.309998,21.769228,19.361343,18.921721,18.677399
1.414498,78.879997,97.830002,97.000000,351.500000,21.769228,21.030872,20.747377,19.673309
0.567000,241.532654,65.050003,51.770000,35.770000,25.025684,22.877718,21.617863,20.994293
0.227000,241.532654,127.010002,202.094055,214.300003,23.818865,22.740099,21.899635,19.673309
0.125000,97.760002,217.441605,56.080002,80.040001,24.005072,23.393139,19.989246,21.960676
0.573000,118.040001,82.320000,55.369999,50.139999,25.110830,22.960249,21.735497,20.965521
1.659000,249.419998,217.441605,155.199997,94.959999,21.418335,20.610806,19.989246,18.914022
1.414498,96.510002,84.440002,202.094055,184.679993,23.368507,21.677727,21.073996,20.632994
0.143000,166.860001,170.500000,129.309998,472.250000,22.288589,20.610806,19.989246,19.847033
0.147000,99.550003,217.441605,75.510002,377.079987,21.769228,21.690386,21.160585,20.710131
7.602000,214.630005,217.441605,111.419998,62.720001,21.769228,19.813135,19.266356,18.969442
0.124000,71.320000,77.169998,202.094055,238.580002,22.161247,21.190037,20.743425,20.334175
0.138000,241.532654,97.180000,102.279999,634.235779,22.356783,21.181412,20.615231,20.233006
0.104000,204.660004,217.441605,138.190002,819.969971,21.769228,19.013121,18.733027,18.569963
0.182000,265.279999,236.449997,154.179993,244.410004,21.183010,19.749964,19.242205,18.894831
0.241000,154.369995,154.270004,93.820000,360.459991,21.773481,20.468744,19.927176,19.585972
0.112000,66.349998,217.441605,52.480000,105.570000,23.819317,20.610806,21.446396,20.986414
0.207000,241.532654,83.599998,70.599998,634.235779,21.981121,21.183702,19.989246,20.544907
0.169000,231.850006,158.970001,202.094055,82.669998,22.748623,20.610806,19.962469,19.673309
0.255000,614.659973,217.441605,346.660004,1532.560059,20.030245,20.610806,18.353531,18.043331
1.414498,167.149994,217.441605,147.279999,219.130005,21.206600,19.893194,19.989246,19.198288
0.144000,153.139999,137.649994,108.239998,701.030029,21.709255,20.595533,20.077240,19.745018
0.146000,121.269997,105.099998,202.094055,615.000000,22.363325,21.206758,19.989246,20.302193
0.089000,98.570000,217.441605,75.110001,235.929993,19.998026,19.700436,19.566854,19.454641
0.359000,211.850006,217.441605,186.020004,687.200012,22.342657,20.882872,20.232882,19.771549
1.575000,240.009995,203.759995,121.739998,634.235779,21.143322,20.610806,19.217262,19.673309
0.327000,521.539978,371.630005,202.094055,3287.959961,19.601746,18.868397,18.462324,19.673309
0.226000,248.539993,160.490005,202.094055,97.419998,22.635250,20.948843,19.989246,19.576689
0.109000,1056.229980,217.441605,534.929993,607.140015,18.269217,17.481201,17.145063,16.905659
0.328000,439.420013,315.049988,517.320007,3219.050049,18.998226,18.472876,18.253048,19.673309
0.420000,226.539993,255.339996,335.920013,936.419983,21.769228,20.610806,19.487513,19.281538
0.094000,219.660004,217.441605,119.660004,272.059998,21.769228,20.015020,19.516535,19.195211
0.220000,107.339996,217.441605,202.094055,49.869999,24.331633,22.701828,21.776594,21.059294
0.305000,241.532654,90.080002,202.094055,236.779999,24.119627,22.118567,21.407810,20.917931
0.182000,182.309998,176.570007,202.094055,634.235779,20.962255,20.151196,19.989246,19.494511
0.156000,174.889999,141.300003,96.599998,1031.050049,20.202156,19.597130,19.989246,19.116770
0.144000,136.589996,217.441605,108.949997,207.380005,22.547382,21.138308,20.596865,20.160194
1.043000,476.500000,468.619995,202.094055,634.235779,22.030788,20.492496,19.703035,19.673309
0.173000,210.479996,204.559998,202.094055,1024.859985,21.909554,20.607443,19.989246,19.570896
1.414498,241.532654,222.960007,154.820007,253.080002,21.769228,20.134838,19.526800,19.162788
0.411000,178.600006,184.740005,218.880005,234.320007,22.949732,20.610806,19.989246,19.673309
0.127000,213.169998,217.441605,130.669998,83.610001,21.769228,22.083841,19.989246,20.506569
0.194000,109.639999,72.660004,78.209999,51.990002,21.769228,23.432669,22.099997,21.487717
3.048000,241.532654,984.340027,202.094055,634.235779,19.510733,18.578938,18.089016,17.909454
1.414498,147.880005,217.441605,105.510002,634.235779,22.190578,21.021265,19.989246,20.113403
0.505000,648.440002,569.909973,438.130005,1831.709961,19.812950,18.737452,18.274195,19.673309
0.204000,590.599976,844.159973,1212.869995,1770.130005,18.979412,18.512989,18.378410,19.673309
1.414498,241.532654,119.300003,132.240005,545.359985,21.769228,20.070692,19.675749,19.421001
0.177000,202.509995,193.080002,175.309998,634.235779,20.709345,19.759268,19.410975,19.132919
0.360000,127.349998,176.070007,323.959991,893.969971,23.488739,22.329954,21.552107,20.920078
0.404000,71.050003,107.150002,162.029999,252.330002,21.976236,21.529327,21.088688,20.958614
1.414498,163.630005,158.259995,125.160004,378.279999,21.222542,20.610806,19.842428,19.559656
0.194000,175.570007,146.750000,75.000000,842.750000,21.769228,20.610806,19.283955,19.127851
0.403000,151.449997,105.980003,202.094055,634.235779,21.769228,22.016672,21.058895,20.656946
0.392000,212.229996,288.230011,325.890015,1167.619995,20.395969,19.923632,19.732033,19.311670
0.217000,278.459991,231.229996,260.320007,1777.250000,20.524666,19.712513,19.188669,18.923283
0.152000,241.532654,217.441605,326.970001,542.359985,22.566965,21.154373,19.989246,20.095697
1.414498,241.532654,47.200001,37.770000,634.235779,25.317184,23.892248,22.760828,22.264969
1.414498,117.250000,217.441605,143.309998,210.279999,21.769228,20.610806,22.409904,21.748299
0.528000,194.509995,150.419998,96.709999,87.209999,21.695522,20.029089,19.445093,19.111557
0.128000,177.820007,132.860001,138.940002,841.070007,21.769228,19.635593,19.306000,19.113997
0.162000,109.669998,128.789993,147.039993,214.169998,23.583666,22.468273,19.989246,21.457001
0.165000,155.710007,223.729996,202.094055,634.235779,19.563080,19.502438,19.989246,19.208443
0.150000,221.889999,210.610001,202.094055,379.839996,22.433828,20.610806,20.311848,19.673309
0.102000,241.532654,108.389999,102.400002,634.235779,22.328669,21.122219,20.451286,20.082113
1.414498,208.820007,217.441605,124.809998,427.529999,20.797668,19.815643,19.336933,19.052774
1.414498,129.190002,130.259995,104.629997,323.929993,22.509275,21.204388,20.659678,19.673309
0.131000,179.880005,164.360001,202.094055,373.420013,21.149370,20.116459,19.675436,19.402447
0.157000,109.010002,84.019997,84.379997,71.760002,21.769228,22.771265,21.607265,20.883736
0.099000,113.470001,217.441605,73.239998,144.350006,21.769228,21.002777,20.532530,20.169235
0.104000,133.970001,135.119995,92.360001,368.970001,21.260506,20.287004,19.784626,19.673309
0.125000,129.119995,217.441605,81.510002,630.369995,20.775829,20.303574,19.989246,19.658947
0.316000,258.220001,217.441605,166.410004,972.070007,21.076178,20.164732,19.663464,19.673309
0.149000,241.532654,217.441605,165.119995,503.809998,20.481785,19.455383,19.989246,18.754444
0.292000,241.532654,71.230003,83.980003,166.770004,21.769228,22.106241,21.602772,21.347492
0.100000,63.570000,56.790001,74.099998,79.260002,23.072813,21.844309,21.423817,19.673309
0.092000,40.290001,217.441605,94.970001,104.699997,22.019278,21.562689,19.989246,20.904055
1.414498,79.870003,86.980003,52.040001,226.029999,22.328304,21.284033,20.788805,20.403593
0.273000,278.100006,250.770004,202.094055,634.235779,21.769228,20.610806,19.989246,19.096048
0.178000,146.490005,89.309998,82.519997,40.650002,23.877420,20.610806,20.784018,20.344646
0.235000,136.389999,116.980003,202.094055,156.899994,21.650131,20.437246,19.964182,19.673309
0.126000,100.180000,125.449997,92.290001,472.040009,21.301659,20.366278,20.101376,19.706827
0.141000,383.260010,299.910004,244.570007,1245.739990,19.957294,20.610806,18.641312,18.352663
0.149000,869.140015,217.441605,526.500000,2186.590088,21.769228,18.023632,17.622215,17.348049
0.267000,99.680000,62.770000,64.080002,41.660000,24.651970,22.925150,21.698404,21.160496
0.372000,112.860001,217.441605,126.660004,161.149994,23.453768,22.128069,21.637548,21.239910
1.414498,421.549988,321.959991,202.094055,146.679993,21.769228,18.954712,18.469166,18.165026
0.195000,212.500000,209.559998,180.080002,569.299988,20.959845,19.985296,19.534229,19.219276
0.146000,201.039993,331.380005,202.094055,1035.229980,21.769228,20.610806,19.206446,19.212301
0.147000,180.250000,217.441605,219.589996,463.929993,20.976992,19.884163,19.427202,19.162455
1.414498,242.089996,178.919998,211.360001,1459.319946,20.140495,19.516647,19.137253,19.673309
1.414498,147.550003,181.759995,202.094055,261.579987,21.769228,19.938734,20.045818,20.189304
0.132000,112.099998,217.441605,72.839996,400.519989,21.769228,20.428730,20.034727,19.663067
0.185000,168.070007,150.250000,108.809998,753.010010,20.305037,19.625168,19.989246,19.120771
1.414498,181.309998,132.919998,150.500000,204.050003,21.641010,20.610460,20.198339,19.872519
0.119000,185.470001,175.830002,134.339996,479.549988,21.156097,20.171644,19.989246,19.463223
0.181000,192.619995,217.441605,428.279999,936.679993,20.415760,19.551306,19.077415,18.829332
0.187000,251.240005,164.169998,202.094055,149.669998,22.009380,20.852011,20.184128,19.828367
0.172000,241.532654,217.441605,97.989998,148.350006,21.769228,20.610806,21.414038,20.989435
1.419000,262.130005,193.240005,202.094055,634.235779,22.366934,21.396839,20.473478,20.099943
0.270000,241.532654,182.809998,185.800003,634.235779,21.769228,22.296869,21.544025,20.942339
0.088000,241.532654,105.300003,70.709999,195.830002,22.961931,20.610806,21.014652,20.592081
1.414498,90.330002,78.209999,48.910000,634.235779,25.498251,24.117746,22.846819,19.673309
0.269000,241.532654,217.441605,167.809998,986.609985,20.249018,19.490788,19.108673,19.673309
0.291000,425.480011,336.869995,314.739990,1873.839966,20.666887,19.556746,19.032400,18.683336
118.860001,404.359985,366.980011,202.094055,959.020020,21.769228,18.651670,18.285990,18.190615
0.153000,98.349998,111.760002,78.529999,634.235779,20.478146,20.005869,19.661108,19.670059
0.232000,241.532654,217.441605,87.160004,48.709999,24.168636,22.194395,19.989246,19.673309
0.960000,241.532654,918.140015,1436.750000,2502.169922,21.282980,20.613611,20.321436,20.033560
11.618000,213.770004,130.839996,118.809998,58.750000,23.634890,20.610806,20.536024,19.673309
1.414498,241.532654,217.441605,154.520004,127.730003,22.925411,21.548769,19.989246,19.673309
1.242000,330.369995,403.850006,516.700012,1849.849976,21.393326,20.144188,19.989246,19.235121
0.214000,141.009995,157.169998,202.094055,543.330017,23.100002,20.610806,21.032871,20.543463
0.299000,160.429993,217.441605,163.729996,1163.180054,20.401415,19.847076,19.482094,19.673309
20.615000,117.050003,75.809998,61.049999,634.235779,21.769228,20.610806,19.989246,19.673309
0.134000,154.300003,150.460007,142.130005,850.510010,20.429131,20.610806,19.363499,19.249708
1.414498,264.239990,247.410004,202.094055,480.320007,21.949781,20.533802,19.866358,19.457026
0.355000,813.469971,217.441605,370.179993,398.929993,18.905699,20.610806,17.481785,17.171175
6.307000,501.630005,359.489990,219.559998,182.699997,19.649387,18.569189,19.989246,19.673309
1.414498,45.880001,36.070000,35.230000,213.119995,21.689695,20.949295,19.989246,20.338539
3.135000,202.679993,133.740005,112.000000,42.740002,23.679182,20.610806,20.657707,20.146612
0.485000,79.930000,217.441605,61.020000,64.239998,24.204834,22.613218,19.989246,21.371979
0.128000,241.532654,71.059998,58.610001,67.400002,24.427864,23.097393,22.118746,21.632332
0.226000,266.540009,269.980011,192.600006,966.039978,20.355968,19.494862,19.989246,18.723530
10.383000,241.532654,551.690002,361.660004,634.235779,21.769228,20.610806,17.947186,17.598921
0.122000,241.532654,238.139999,154.500000,509.940002,20.915577,19.759327,19.186100,18.921015
1.414498,65.820000,91.760002,202.094055,173.669998,21.769228,21.381905,20.915066,19.673309
0.123000,241.532654,116.970001,115.050003,73.040001,23.519981,20.610806,20.688028,20.207649
0.086000,132.949997,217.441605,99.239998,642.849976,21.769228,20.893850,20.433193,20.167164
1.348000,1233.670044,992.440002,1344.060059,9066.639648,18.904690,18.098028,17.611452,17.319180
0.229000,236.100006,152.220001,113.250000,634.235779,23.182713,20.610806,20.180851,19.717468
1.414498,382.149994,265.880005,346.500000,2296.489990,19.188248,18.764204,18.519133,18.390572
0.230000,129.300003,136.899994,114.459999,392.239990,22.309357,21.002964,20.518953,20.074375
0.399000,206.020004,217.441605,202.094055,740.340027,20.497900,19.681820,19.373938,18.995937
0.075000,123.779999,107.029999,202.094055,634.235779,21.769228,20.610806,19.989246,19.673309
0.082000,241.532654,280.609985,183.559998,607.659973,21.450386,20.123327,19.511028,19.673309
0.598000,211.240005,163.860001,202.094055,58.220001,20.883852,19.456242,18.967739,18.654188
1.369000,218.809998,215.910004,331.040009,561.099976,22.108332,21.079311,20.398310,19.673309
0.276000,241.532654,162.330002,130.899994,784.229980,22.451330,21.152653,20.478788,20.074312
0.537000,241.532654,492.670013,405.209991,1248.310059,19.194637,20.610806,17.823263,17.578373
0.206000,404.950012,315.609985,198.050003,634.235779,20.461390,19.103123,18.595173,19.673309
0.149000,172.759995,117.660004,164.339996,634.235779,19.719927,19.357334,19.213263,19.119678
0.510000,705.400024,541.460022,385.489990,315.500000,19.250038,18.202372,19.989246,17.473270
1.414498,279.709991,217.441605,124.269997,634.235779,20.391489,19.194231,18.747175,18.438751
0.157000,241.532654,127.239998,139.899994,212.190002,21.769228,20.881800,19.989246,19.673309
1.414498,131.009995,217.441605,202.094055,111.099998,23.693363,22.810488,19.989246,19.673309
0.243000,241.532654,168.220001,123.629997,634.235779,21.139206,20.191383,19.682926,19.450619
0.874000,527.280029,381.390015,269.839996,220.500000,21.769228,18.418543,17.999449,17.700788
0.207000,241.532654,115.570000,174.759995,207.539993,23.543337,22.771112,21.995682,19.673309
1.414498,241.532654,221.940002,175.570007,1039.699951,20.266029,19.454548,19.018213,18.804579
0.318000,241.532654,204.399994,294.890015,624.669983,21.769228,23.001881,22.067270,21.615059
0.094000,109.760002,75.879997,91.480003,54.430000,21.769228,21.377251,20.846931,20.595129
0.147000,87.269997,102.809998,73.480003,335.700012,21.244522,20.544340,20.262402,19.935816
0.203000,139.880005,139.990005,202.094055,809.690002,21.769228,19.905357,19.497030,19.673309
0.150000,241.532654,131.250000,160.449997,634.235779,21.769228,20.489147,20.084667,19.673309
0.246000,205.960007,166.970001,202.094055,634.235779,22.973045,20.610806,20.420490,20.031723
0.193000,241.532654,145.839996,121.379997,621.710022,22.211721,21.046198,19.989246,20.159462
0.535000,241.532654,264.100006,152.860001,105.169998,20.425577,19.103796,18.658882,18.354029
0.265000,54.009998,85.010002,154.809998,239.990005,22.019733,21.742931,21.185242,21.187519
1.414498,241.532654,220.710007,202.094055,670.090027,20.907452,19.983940,19.989246,19.189520
0.108000,95.150002,217.441605,198.020004,312.940002,20.591816,20.304855,20.159124,20.167610
1.414498,1263.319946,767.979980,708.809998,606.140015,21.769228,17.291998,16.953325,16.677881
0.674000,176.470001,199.919998,294.989990,492.929993,23.213728,22.206728,21.342346,20.932741
0.101000,93.300003,101.470001,98.980003,634.235779,21.737001,20.874031,20.332331,20.125910
0.254000,302.670013,212.139999,174.630005,95.239998,22.255669,20.382235,19.587353,19.147385
0.690000,413.809998,217.441605,202.094055,582.450012,21.226765,20.157883,19.989246,19.298466
0.399000,261.100006,220.330002,138.889999,634.235779,21.769228,19.558607,19.989246,18.711420
0.200000,358.799988,295.820007,202.094055,1458.469971,20.441465,19.485502,19.038387,18.756010
0.156000,151.089996,165.130005,122.080002,634.235779,21.707369,20.562283,19.998091,19.673309
0.075000,143.669998,102.099998,166.660004,634.235779,19.738323,20.610806,19.107002,19.673309
0.216000,168.850006,217.441605,123.720001,748.929993,21.157948,20.221373,19.767601,19.535336
0.248000,81.959999,217.441605,55.900002,59.930000,24.071169,20.610806,21.804441,19.673309
0.314000,90.050003,123.620003,211.169998,342.839996,20.665354,20.610806,20.363970,19.673309
0.077000,47.439999,58.610001,41.939999,218.520004,21.758549,21.107306,20.690376,20.450050
0.154000,144.940002,155.619995,168.779999,634.235779,23.425184,20.610806,19.989246,20.832947
0.153000,119.839996,172.839996,259.329987,392.420013,22.871885,21.802734,21.168980,21.035362
1.414498,241.532654,190.889999,359.519989,975.450012,21.769228,20.886274,20.504871,20.259485
0.138000,227.449997,203.009995,127.470001,413.220001,21.769228,19.666246,19.207121,18.942743
26.483999,241.532654,65.160004,65.800003,59.730000,21.769228,23.071959,19.989246,21.238474
0.296000,254.119995,253.339996,196.559998,634.235779,21.676142,20.626879,20.054230,19.756830
1.414498,241.532654,84.889999,63.889999,58.160000,24.405195,20.610806,21.977194,19.673309
1.414498,241.532654,217.441605,202.094055,776.150024,20.701988,19.934309,19.497240,19.336647
0.113000,241.532654,133.889999,202.094055,206.070007,21.856827,20.592216,20.140770,19.816132
0.257000,133.619995,217.441605,117.650002,634.235779,22.581692,21.332970,19.989246,20.508730
0.229000,241.532654,59.080002,202.094055,38.669998,22.882082,22.085772,21.328846,21.000937
1.414498,116.470001,107.900002,202.094055,755.380005,21.835201,21.037571,20.577333,20.371479
0.133000,102.339996,85.190002,97.559998,150.949997,21.769228,21.043970,20.682489,19.673309
0.172000,187.250000,175.550003,138.779999,596.799988,21.914602,20.695734,20.125702,19.774792
0.103000,177.089996,137.940002,104.629997,774.710022,21.479500,20.559155,20.079256,19.789833
0.099000,168.309998,158.520004,202.094055,197.240005,21.417429,21.155416,20.906607,20.582409
0.313000,872.739990,657.059998,505.000000,2269.479980,19.609957,18.574648,18.106424,17.773890
0.102000,241.532654,239.399994,258.220001,749.140015,20.394152,20.610806,18.995987,18.620409
51.667000,206.330002,143.039993,131.330002,69.019997,21.769228,21.164017,20.232637,19.803522
0.096000,283.269989,201.419998,218.369995,1036.020020,20.361948,19.456802,19.989246,18.713375
0.097000,241.532654,217.441605,48.419998,169.839996,21.925682,20.869688,20.521999,20.198893
0.314000,213.979996,207.139999,157.369995,499.040009,22.020521,20.629665,20.051508,19.694164
0.847000,355.079987,287.070007,178.520004,95.769997,20.705517,19.285404,18.773285,18.472607
0.119000,201.990005,143.089996,181.710007,1048.150024,19.862631,19.324692,19.026035,18.873362
0.159000,91.330002,89.849998,69.529999,268.690002,21.946678,20.781277,19.989246,19.673309
1.414498,213.770004,217.441605,202.094055,154.630005,22.156521,20.813828,20.093132,19.771406
0.111000,72.389999,60.439999,55.040001,33.570000,23.637388,22.876160,21.982485,21.522886
0.627000,241.532654,369.700012,202.094055,4182.990234,19.036488,18.492619,18.184475,18.038647
2.297000,241.532654,80.279999,127.889999,634.235779,23.768887,22.904764,22.071320,21.227066
0.166000,195.910004,193.169998,143.279999,388.100006,21.818815,20.494059,19.954336,19.673309
0.328000,241.532654,210.029999,175.789993,864.500000,21.960604,20.637844,20.008671,19.603933
0.181000,88.330002,130.789993,178.300003,326.899994,21.769228,20.049486,19.859720,19.869322
1.414498,241.532654,274.160004,202.094055,634.235779,20.890738,19.895479,19.337406,19.025967
0.870000,743.659973,550.409973,357.190002,355.540009,21.769228,18.189974,17.752731,17.439857
0.129000,241.532654,138.639999,101.519997,634.235779,21.767958,20.786163,19.989246,19.928522
0.095000,32.290001,217.441605,63.639999,148.360001,23.951071,22.643335,22.106091,21.572683
0.132000,241.532654,217.441605,102.930000,634.235779,21.769228,20.610806,19.989246,20.631031
0.269000,165.559998,118.410004,202.094055,126.290001,23.605452,22.261494,21.305094,20.862314
0.114000,192.779999,175.470001,202.094055,634.235779,21.860689,20.644339,19.989246,19.722692
0.142000,95.300003,76.690002,202.094055,58.230000,25.472752,23.886471,22.745035,21.750257
0.122000,172.429993,161.009995,202.094055,329.700012,21.769228,21.425350,20.944160,19.673309
0.189000,47.279999,57.560001,202.094055,182.100006,22.726763,21.275095,20.909374,20.603968
0.270000,199.880005,198.169998,148.399994,634.235779,20.918245,20.610806,19.731297,19.502085
1.414498,127.660004,90.959999,87.769997,85.589996,21.769228,21.918278,19.989246,20.803953
1.647000,241.532654,110.809998,137.899994,634.235779,21.769228,21.054773,20.308420,19.673309
0.117000,174.339996,117.349998,113.849998,89.029999,22.570620,20.610806,20.487831,19.673309
0.472000,173.860001,203.470001,202.094055,490.040009,21.769228,18.929621,18.680634,18.634951
10.303000,253.330002,212.410004,154.339996,123.379997,21.756247,19.989199,19.432684,19.067289
1.414498,88.639999,217.441605,132.800003,634.235779,23.839760,22.605745,19.989246,21.584362
0.180000,241.532654,128.160004,70.989998,342.290009,21.518814,20.574081,20.205824,19.673309
0.164000,241.532654,333.790009,202.094055,861.070007,21.287500,19.853949,19.989246,19.088123
