0.381588,268.210602,265.200012,321.890015,471.529999,22.308645,20.850279,20.335382,19.875229
0.131000,95.070000,72.330002,66.839996,194.325287,21.097658,20.437515,20.045948,19.829094
0.201000,234.929993,215.839996,180.250000,1042.780029,21.331615,20.122477,19.484221,19.168642
0.701765,1398.839966,1067.520020,1090.869995,1998.130005,18.281357,17.406757,17.040066,16.764894
0.076000,151.217651,68.800003,148.274704,95.629997,23.255259,21.958500,21.178280,20.853287
0.322000,97.540001,63.000000,56.250000,51.290001,24.086466,22.848234,21.566854,21.141121
0.108000,632.809998,439.500000,347.660004,1204.114624,18.816256,19.438105,17.608311,17.345821
0.153000,75.540001,68.691170,48.419998,50.169998,23.530567,22.235474,21.562263,21.265417
0.312000,364.476471,344.880005,312.070007,1051.770020,19.316814,18.399342,18.021755,17.781216
1.636294,261.100006,220.330002,174.193527,73.389999,21.775915,19.558607,19.017366,18.711420
0.485000,409.323486,781.820007,544.000000,517.479980,18.533918,17.509031,19.168785,18.892790
0.200000,307.459991,222.880005,140.750000,180.520004,21.771656,19.171165,18.720558,18.391878
0.732765,301.230011,246.397659,259.764709,1767.880005,19.864124,20.044479,18.758528,18.568562
0.102000,118.889999,91.930000,68.430000,167.899994,22.023741,20.819269,20.415356,20.063841
0.341000,167.759995,137.690002,141.175308,560.225891,22.806858,21.032768,20.281574,19.868013
0.280000,285.410004,240.869995,228.300003,949.922974,20.468121,19.564480,19.133860,18.909548
0.797000,469.709991,368.850006,213.520004,263.489990,20.226374,18.921270,18.458014,18.173698
0.588294,239.391769,192.770599,165.240005,782.510010,21.266867,19.898054,19.389456,19.064020
0.134000,154.300003,150.460007,142.130005,850.510010,20.429131,19.742105,19.363499,19.249708
1.730000,556.539978,642.479980,759.539978,881.500000,19.509724,19.587406,19.392307,19.352518
0.126000,100.180000,125.449997,92.290001,472.040009,21.301659,20.366278,20.537266,19.706827
1.958823,129.300003,116.405296,114.459999,392.239990,22.309357,21.002964,20.518953,20.074375
0.165000,185.516479,169.279999,111.519997,776.150024,20.701988,19.934309,19.965612,19.671986
0.103000,177.089996,137.940002,104.629997,359.350586,21.479500,20.559155,20.079256,19.789833
0.123000,103.250000,81.250000,96.839996,119.370003,23.114620,21.639011,20.938721,20.647902
0.226000,248.539993,160.490005,154.839996,97.419998,22.635250,20.948843,20.040020,19.576689
2.421824,576.419983,895.900024,1321.140015,2000.439941,23.328543,21.499809,20.445961,19.904701
4.462000,115.250000,93.339996,64.120003,69.489998,22.569944,20.836205,20.278183,20.766573
0.239000,184.080002,149.750000,164.160004,235.399994,23.152838,21.482763,20.884525,20.427387
0.116000,371.130005,293.480011,190.850006,325.100006,20.964733,19.556522,19.002953,18.648708
0.548000,139.500000,113.860001,78.000000,59.450001,21.984478,20.325527,19.787746,20.366972
1.878941,100.000000,103.300003,125.514709,64.790001,25.578140,21.328283,23.324181,22.244957
0.095000,127.050003,102.129997,132.307648,81.949997,22.692533,23.010389,22.061815,21.357241
0.126000,159.210007,151.039993,115.260002,326.750000,21.880880,19.986679,19.479317,19.226990
0.157000,109.010002,84.019997,84.379997,213.632935,24.231367,22.771265,20.585615,20.883736
0.784000,109.029999,87.720001,116.349998,242.770004,25.033073,23.207556,20.619589,20.451115
0.452294,233.059998,186.639999,138.169998,259.849365,21.736502,19.975782,19.378334,19.065720
0.119000,185.470001,175.830002,134.339996,479.549988,21.156097,20.452738,19.724361,19.562273
0.183000,78.980003,60.090000,64.540001,105.320000,24.026707,22.829699,22.187983,21.804026
2.394235,168.339996,110.930000,138.251770,62.799999,22.667645,22.685120,21.475464,20.762375
0.125000,130.130005,109.650002,72.970001,218.410004,21.979788,20.794195,20.366570,20.008595
0.227000,137.110001,127.010002,185.500000,214.300003,23.818865,22.740099,21.899635,21.205645
0.177000,258.047607,215.220581,223.339996,1499.430054,19.847139,20.012094,18.813181,19.476824
0.420000,226.539993,255.339996,335.920013,936.419983,20.703203,19.895388,19.487513,19.281538
1.332000,225.362350,201.529999,146.660004,133.919998,22.357527,20.310776,19.773712,19.368355
0.131000,163.970001,163.600601,120.540001,470.447052,21.365385,20.308481,19.720015,19.959515
0.162000,130.979996,129.850006,242.059998,392.315857,20.928787,20.150379,19.752966,19.563541
0.278000,135.250000,114.510002,130.860001,283.802948,22.121056,21.106911,20.287378,20.096001
0.105000,208.820007,180.570007,189.953522,427.529999,20.797668,19.815643,19.336933,19.533396
1.986706,192.779999,169.837662,167.300003,575.659973,21.860689,20.644339,20.090633,19.623381
0.185000,240.440002,229.309998,164.619995,544.380005,22.490484,20.941431,20.233440,19.767872
0.132000,443.820007,307.829987,260.619995,1193.959961,20.946606,18.830189,18.364887,18.049841
20.615000,117.050003,139.969406,158.363525,60.119999,23.467035,21.666773,20.876850,20.333223
0.429000,135.304108,86.190002,70.279999,54.369999,22.851564,20.658884,20.110081,19.810978
0.125000,121.419998,80.220001,71.029999,183.024109,22.690384,21.922661,21.152721,20.794769
0.242000,112.263535,57.740002,64.440002,58.919998,24.166281,22.984039,22.140352,21.637873
2.000294,138.825317,93.809998,99.320000,151.899994,24.365444,23.525579,22.756338,22.207617
0.090000,206.260605,166.589996,197.639999,1095.949951,19.805880,19.209444,18.975716,19.521322
0.387000,355.809998,273.910004,322.859985,1116.892822,20.596218,19.885435,19.451775,19.015667
1.911059,46.139999,36.080002,44.880001,252.330002,23.148865,22.551279,21.934799,21.675850
0.496000,244.190002,203.013535,177.860001,430.756500,22.284042,20.636730,20.180019,19.856443
0.335000,238.610001,177.617645,217.711777,74.260002,22.311459,20.845085,19.167372,18.859985
0.207000,236.210007,225.520004,207.262344,513.679993,21.033327,20.166712,19.495220,19.126877
26.483999,89.339996,65.160004,65.800003,143.522339,24.375854,23.071959,22.038713,21.119923
0.103000,79.410004,59.849998,79.059998,69.239998,23.017405,21.969799,21.390457,21.085363
0.128000,130.301163,89.970001,81.709999,142.970001,22.094625,20.843306,20.443958,20.110968
0.084000,58.669998,42.230000,113.671181,48.770000,23.854567,23.091930,22.261930,21.859255
0.135000,282.760010,208.679993,193.148834,1207.660034,21.254238,20.390562,19.839878,19.492506
0.207000,120.809998,106.500000,123.839996,143.880005,23.089306,22.256680,21.703136,21.183437
0.164000,141.860001,97.620003,102.629997,79.650002,22.950607,21.625910,20.992702,20.671322
0.195000,212.500000,209.559998,189.734711,644.431213,20.959845,19.985296,19.534229,19.219276
0.312000,254.851196,235.889999,184.699997,768.799988,22.419201,20.229774,20.354527,19.320744
0.242000,196.110001,168.503540,159.050003,631.390015,21.275324,20.298830,19.847933,19.478088
1.587000,61.900002,171.910004,418.299988,1008.460022,23.298649,23.058920,22.513365,22.056700
0.458000,392.649994,308.910004,308.450012,2213.070068,20.588434,19.738499,19.215906,18.938526
0.437647,270.380005,189.550003,208.130005,910.340027,19.260429,20.249790,18.473904,18.304708
0.087000,69.330002,76.839996,52.529999,185.578247,21.410009,20.686634,21.133814,20.148211
0.161000,95.190002,104.419998,80.910004,472.279999,21.770449,20.704344,20.268576,19.965389
0.110000,156.735886,146.509995,96.599998,288.890015,22.102863,20.788092,20.321091,19.923677
0.187000,251.240005,164.169998,184.860001,149.669998,22.009380,20.711433,20.184128,19.828367
0.526000,110.636467,53.419998,59.000000,265.290009,21.326288,20.377317,19.937241,19.689758
0.105000,104.769997,79.010002,73.879997,349.019989,21.021036,20.435987,20.050039,19.875229
0.498529,236.425293,244.399994,164.960007,250.220001,21.270685,19.903471,19.354828,19.029728
0.523000,230.990005,184.309998,107.250000,388.874725,21.718109,19.671150,19.966528,18.935566
1.942882,98.349998,111.760002,78.529999,589.309998,20.478146,20.005869,19.661108,19.670059
0.614000,822.830017,888.429993,1235.869995,4922.180176,19.567005,18.909460,18.430166,18.846500
0.085000,47.740002,97.604706,55.709999,205.089996,23.306103,22.179365,21.769434,21.403713
0.489000,206.105316,149.770004,226.309998,914.710022,21.289244,20.524275,20.360064,19.806755
0.116000,151.064713,124.190002,98.620003,227.729996,22.224503,20.884239,20.981436,20.513048
0.304000,189.490005,209.720001,158.149994,670.820007,22.289680,21.129448,19.796204,20.136087
0.847000,271.523529,287.070007,178.520004,95.769997,20.705517,19.285404,18.773285,18.472607
0.273000,363.829987,290.239990,369.309998,2114.129883,20.876322,19.669247,18.549904,18.875139
0.627000,431.480011,196.975891,159.336472,730.170044,21.445154,19.744776,19.144907,19.224228
2.160647,212.254715,192.085876,154.500000,509.940002,20.915577,19.759327,19.186100,19.700480
0.147000,99.550003,106.160004,75.510002,281.540009,22.881308,21.690386,21.160585,20.710131
1.704647,886.619995,219.742935,376.010010,329.179993,19.447536,18.347094,17.945030,17.655029
0.350000,191.779999,134.270004,153.625305,65.279999,22.719311,20.892685,20.105993,19.731138
0.126000,171.122360,147.210587,58.049999,122.410004,22.180431,21.300617,20.895119,20.628212
0.874000,254.976471,381.390015,177.382950,220.500000,19.460192,18.418543,17.999449,17.700788
0.166000,128.360001,84.820000,116.570000,125.250000,23.753000,22.175200,21.439095,20.990643
2.008117,164.929993,218.350006,284.890015,398.890015,20.281025,20.088409,20.004715,19.816643
0.204000,276.769989,208.070007,209.289993,1464.000000,20.242760,19.525156,19.512589,18.919706
2.183353,129.119995,97.039406,81.510002,630.369995,20.775829,20.303574,19.817961,19.658947
10.114412,76.830002,101.820000,129.100006,199.169998,20.185274,20.202093,20.994665,20.031874
0.179706,63.509998,76.220001,107.209999,198.109421,20.498005,21.961058,20.439096,20.164291
1.576000,448.839996,724.549988,1164.050049,2681.399902,20.339344,19.362436,18.947090,18.785685
0.168000,155.089996,123.070000,78.900002,676.340027,21.299728,20.628965,20.168131,19.952484
0.228000,158.379425,84.889999,102.711174,58.160000,24.405195,23.029474,21.977194,20.086315
1.283000,107.309998,82.150002,71.150002,213.598831,20.854095,19.870756,20.528797,19.283653
0.225000,126.830002,104.410004,107.940002,255.488800,22.322569,20.737024,20.767925,19.875032
0.118000,131.850006,87.636475,71.730003,86.239998,24.824865,23.644209,20.898922,21.627674
0.133000,121.309998,132.913528,164.490005,307.049988,22.133011,20.794216,20.175154,19.808064
0.102000,209.619995,145.970001,167.940002,123.070000,22.459015,21.065914,20.140026,19.984419
0.355000,472.213531,382.827667,370.179993,1234.177612,20.581615,17.893652,17.481785,17.171175
0.126000,212.962952,173.699997,164.649994,95.540001,22.350723,20.632980,19.788321,19.603958
0.119000,149.360001,128.160004,122.519997,227.059998,22.665367,21.184200,20.652491,20.004946
0.169000,113.720001,82.540001,125.181183,61.900002,23.726393,22.362444,20.989471,20.971560
0.389000,206.210007,253.029999,341.019989,724.979980,21.115345,20.150124,19.776760,19.459839
0.119000,229.130005,198.380005,131.179993,567.909973,20.460943,19.453178,19.041002,18.796091
0.234000,78.419998,56.540001,56.299999,66.500000,23.417274,23.447758,22.569221,22.034483
0.525000,1403.010010,1005.520020,1179.819946,2030.371826,18.561369,17.664984,17.312521,17.001385
0.202000,187.759995,182.210007,157.830002,457.970001,22.356268,20.861164,20.195570,19.558033
0.394000,232.699417,211.979996,139.279999,108.339996,21.404625,19.788736,19.241425,18.886435
0.686235,489.528839,730.510010,938.729980,5247.470215,20.323847,19.444801,18.919540,18.777308
0.091000,97.400002,131.690002,169.845886,550.049988,21.878740,20.642426,20.792202,19.966263
0.399000,369.839996,413.239990,470.489990,631.859985,20.890949,19.745457,19.508415,18.885702
0.299000,323.989990,202.064102,236.639999,624.956482,21.200830,19.899466,19.381424,19.042913
0.107000,92.449997,87.928825,97.940002,83.029999,22.394346,21.696564,21.196753,20.952265
0.758118,202.679993,133.740005,112.000000,42.740002,23.679182,21.799809,20.657707,20.146612
0.849000,443.339996,419.929993,389.799988,1266.777100,20.593573,19.260036,18.957153,18.448448
0.703000,475.529999,523.400024,414.750000,2399.800049,20.677618,19.489550,18.933565,18.602539
0.094000,138.220001,113.042938,101.529999,128.250000,22.833382,21.283630,21.139034,20.627926
4.240000,255.220001,350.739990,189.961182,629.890015,19.326744,19.123262,19.665106,18.925524
0.153000,213.020004,164.740005,98.540001,44.680000,21.971611,20.186302,19.556028,19.225243
0.109000,139.106476,123.181168,113.098236,307.739990,21.271130,20.444489,20.120436,19.835632
0.811000,333.890015,274.369995,187.729996,682.467102,21.044807,19.418449,18.905779,18.605272
0.153000,86.849998,59.770000,71.459999,81.580002,22.788733,22.061150,21.744238,20.990379
0.111000,428.730011,309.929993,259.816498,700.890015,19.272398,18.485832,18.090408,17.858303
0.519000,287.472382,287.040588,564.770020,1133.412354,19.552191,18.775633,19.210419,18.851330
0.204000,590.599976,844.159973,329.191162,752.909363,18.979412,18.512989,18.378410,18.321785
2.090117,180.000000,167.402939,326.769989,409.989990,20.693617,20.530027,19.875376,19.711451
0.153000,112.919998,145.229401,104.989998,376.927063,23.871323,21.133123,21.302765,20.864649
0.538000,236.710007,192.580002,133.990005,73.709999,21.203810,19.612946,19.767399,18.770670
0.192000,196.970001,160.000000,159.139999,237.070007,22.584913,21.059498,20.447466,19.988829
0.127000,213.169998,135.589996,130.669998,83.610001,23.843647,22.083841,21.012569,19.671768
0.269000,159.864120,109.410004,144.750000,177.410004,22.356579,20.933781,21.646267,21.203938
2.591000,280.700012,233.639999,149.309998,549.731140,21.474031,20.063993,19.502020,19.176645
0.168000,159.169998,103.599998,87.940002,48.980000,23.495199,22.049368,20.620916,20.555342
0.661000,135.919998,92.708824,62.970001,42.799999,22.872820,22.082113,20.949778,20.378067
0.449294,328.910004,286.250000,212.300003,1073.500000,20.255117,20.004532,18.916719,18.669315
0.135000,189.809998,175.850006,167.461777,712.750000,21.442692,19.689732,19.343452,19.149916
0.127000,65.169998,46.740002,63.240002,68.550003,23.600946,22.452324,21.846886,21.502932
0.235000,141.055878,116.980003,79.889999,156.899994,21.650131,20.437246,19.964182,19.658445
0.109000,175.490005,159.610001,163.220016,720.099976,20.787870,20.295984,19.374868,19.165558
2.075765,173.860001,203.470001,325.390015,490.040009,19.049068,18.929621,18.680634,18.634951
0.089000,208.915878,189.687653,138.490005,429.019989,21.400768,20.149729,19.562426,19.234856
0.168000,245.759995,222.360001,175.300003,543.989990,20.304739,19.344997,19.649906,18.724134
0.314000,174.179993,166.100006,164.173538,593.659973,20.997332,20.182392,19.726112,19.612366
0.138000,200.259995,156.543518,139.369995,94.639999,22.972540,21.217865,20.127123,19.854736
0.225000,200.210571,198.412949,150.500000,204.050003,21.483328,20.610460,20.198339,19.872519
0.142000,320.739990,266.730011,197.440002,716.909973,20.732210,19.639051,19.154806,18.838055
3.557000,194.119995,156.440002,156.707062,72.150002,22.014360,20.707659,19.588833,19.288101
1.122000,445.491150,727.109985,1232.550049,1424.013550,19.550257,18.693754,18.374950,18.215675
0.113000,118.190002,88.548233,76.830002,53.500000,22.100309,21.079323,20.535957,20.430735
30.469999,154.020004,100.489998,95.075287,340.732971,24.774839,21.204784,21.724804,20.867516
0.163000,151.600006,157.309998,216.380005,286.230011,22.680916,21.454247,20.669943,20.495872
0.960000,595.760010,454.704132,1436.750000,2502.169922,21.282980,20.613611,19.135475,20.033560
0.620000,453.420013,447.839996,364.518250,1309.390015,20.957443,19.758602,19.159101,18.788975
0.145000,119.550003,81.620003,77.690002,199.611755,25.503029,21.561262,20.679943,21.140779
0.428000,429.109985,315.950012,291.579987,1067.974121,24.465511,23.496279,22.899841,22.348133
1.958353,65.080002,67.230003,72.459999,63.480000,23.783270,22.837301,22.228937,21.907263
0.175000,202.925293,213.259995,156.850006,662.030029,20.482428,19.693684,19.262106,19.053612
0.404000,71.050003,147.021759,201.491760,252.330002,21.976236,21.529327,20.272974,20.958614
0.102000,154.219421,75.349998,103.194122,90.040001,24.422035,23.003271,20.356293,21.678326
1.369000,218.809998,215.910004,331.040009,561.099976,22.108332,21.079311,20.398310,20.127806
0.171000,91.959999,175.570007,319.470001,530.559998,20.204502,20.198092,20.088451,20.079260
1.140000,177.705887,118.800003,154.664124,51.169998,22.186361,20.348213,19.836498,19.496214
0.763000,342.427063,353.899994,517.419983,3929.290039,18.832073,18.308340,18.011757,17.871132
0.184000,220.589996,217.050003,147.740005,756.080017,21.634890,20.814703,20.196131,19.867083
0.198000,116.370003,134.300003,172.009995,336.761169,21.087843,20.906767,20.881071,20.673098
0.109000,95.449997,95.169998,64.250000,217.470001,21.706604,21.418224,20.680328,20.065973
0.531000,161.940002,175.545288,216.124710,711.080017,21.668034,20.195051,19.944569,19.446316
1.371882,131.089996,89.489998,96.120003,70.989998,22.645163,21.470863,20.801027,20.486578
3.359000,178.669998,120.050003,142.387650,57.630001,23.048670,21.156239,20.277496,19.863035
0.411000,139.429993,137.632355,82.290001,399.895264,21.814806,20.294201,19.733963,19.415636
0.150000,86.230003,84.910004,55.150002,249.729996,22.120861,21.303442,20.732342,20.320513
0.075000,143.669998,102.099998,148.537064,835.799988,19.738323,20.763659,19.107002,18.968702
0.195000,346.390015,267.269989,242.130005,1233.829956,21.305227,19.192844,18.705025,18.437067
0.160000,120.040001,113.989998,150.786484,244.850006,22.133938,20.841108,20.892849,20.459873
0.445353,237.580002,194.399994,138.059998,223.029999,20.869154,20.450819,19.189432,18.886774
0.307000,237.699997,251.389999,209.529999,807.450012,21.448524,20.190350,19.737610,19.320448
0.105000,124.680000,81.080002,125.587646,77.690002,23.576315,22.189161,21.367094,20.922167
1.399412,112.769997,108.099998,93.720001,282.159424,21.874704,21.092752,20.286957,20.019505
2.055000,195.899994,116.071182,85.309998,65.010002,21.685442,21.578484,19.511747,19.210922
1.575000,240.009995,203.759995,177.093521,227.660004,21.143322,19.718393,19.919544,18.916378
0.108000,130.539993,104.620003,79.239998,52.419998,22.068338,20.471199,20.499302,19.540001
0.131000,121.269997,109.540001,74.760002,243.225876,21.597542,20.704254,20.200249,19.982132
0.384000,157.580002,155.600006,163.021164,226.669998,21.384525,20.690336,20.547100,20.293631
7.186000,256.660004,189.250000,156.339996,105.699997,22.699860,20.781706,20.000835,19.530052
2.262294,150.830002,100.015884,75.080002,49.560001,23.681284,22.004162,20.685493,20.150928
0.227000,86.879997,91.080002,89.330002,371.820007,22.422956,21.420088,20.921490,20.532642
0.735529,929.969971,704.739990,594.039978,2864.750000,19.583765,18.676800,18.107447,17.846956
0.690706,1150.569946,760.390015,775.780029,2490.100098,18.593582,17.690598,17.324270,17.029554
0.535000,220.951767,264.100006,152.860001,105.169998,20.425577,19.103796,18.658882,19.442774
0.305000,245.842941,210.252945,186.899994,904.820007,21.601963,20.642307,19.769375,19.758862
0.721000,436.730011,588.440002,864.750000,1421.250000,20.571476,19.389593,19.099236,18.968019
0.480706,455.929993,303.989990,383.899994,1943.209961,19.351864,18.720245,19.152073,18.229225
2.164059,192.619995,257.970001,428.279999,936.679993,20.415760,19.551306,19.077415,19.280830
0.627000,440.410004,377.640015,260.818207,2935.229980,20.345209,19.358023,18.802750,18.498585
23.584000,284.590576,316.290009,206.199997,128.949997,21.156033,19.461069,18.878330,18.571609
0.198000,148.860001,149.535889,205.970581,57.779999,21.888035,20.254742,19.724457,19.385000
0.127000,192.130005,176.880005,136.009995,586.609985,21.544271,19.636198,19.835503,19.549990
0.159000,166.130585,138.978226,78.910004,196.179993,21.441816,21.129822,19.910936,19.519514
0.116000,131.720001,125.120003,164.209412,239.800003,22.351526,20.794548,20.530596,20.099899
0.186000,133.720001,153.889999,117.199997,611.719971,21.902849,20.870203,20.277758,19.935392
1.976294,179.839996,164.085297,149.699997,640.369995,21.969496,20.843405,20.029003,19.961929
0.125000,359.309998,294.329987,215.800003,703.944092,20.445103,19.326309,18.856884,18.572098
2.028471,202.300003,182.751175,183.410004,801.619995,21.596411,20.509562,20.008698,19.625593
0.165000,93.839996,99.370003,59.320000,267.070007,21.604435,21.314497,20.419386,20.052483
0.270706,50.400002,68.760002,144.479996,204.910004,20.418362,21.819744,20.281651,20.104937
0.227294,190.250000,199.529999,156.750000,736.729980,20.746136,19.864372,19.881256,19.197403
1.108529,262.130005,193.240005,203.539993,202.759995,22.366934,21.396839,19.752193,20.099943
0.173000,210.479996,204.559998,159.460007,1024.859985,21.909554,20.607443,19.979540,19.570896
0.672412,309.450012,329.890015,333.470001,784.070007,21.400513,20.221766,19.764858,19.427969
0.624000,71.779999,68.370003,126.547653,391.297089,23.803226,22.100952,21.389486,21.050980
0.233706,187.880005,167.240005,134.970001,884.510010,20.704773,20.452013,19.469109,19.680523
0.243000,157.429993,168.220001,123.629997,653.520020,21.139206,20.191383,19.682926,19.450619
1.968823,141.348236,106.919998,97.809998,468.179993,22.111540,21.123623,20.372915,20.255562
1.873294,47.779999,78.081764,48.029999,154.919998,20.579880,20.235157,20.018961,20.083138
0.379000,229.444107,207.449997,179.016464,1973.579956,20.979414,20.259859,19.814646,19.526417
0.276000,157.050003,147.968826,130.899994,784.229980,22.451330,21.152653,20.478788,19.815865
0.398235,279.079987,190.949997,234.070007,1578.780029,20.106859,19.423336,19.458740,18.873236
0.509000,228.130005,145.021774,115.519997,77.019997,21.684797,20.024017,19.419676,19.064928
3.355000,2235.729980,1658.449951,2943.110107,15510.919922,18.891779,17.834295,17.320648,16.914158
0.170000,116.470001,107.900002,86.900002,755.380005,21.835201,21.037571,20.577333,20.371479
0.101000,103.080002,80.000000,55.689999,351.829987,20.342026,19.766253,19.394775,19.306099
1.026000,1147.050049,784.809998,541.609985,521.130005,18.972586,17.869579,17.366880,17.036840
0.102000,114.287048,94.059998,50.750000,177.970001,21.346136,20.475147,20.128601,19.782673
0.079000,124.409996,101.947067,92.178238,121.449997,22.282019,21.163887,20.684595,20.197638
0.209000,111.650002,105.239998,90.639999,624.489990,20.811081,21.242853,19.985287,19.876453
0.137000,94.519997,143.024704,201.742935,299.519989,22.198011,20.545740,20.222696,19.885555
0.364000,379.976471,428.440002,375.940002,1063.560059,19.927813,19.360325,19.112797,18.779161
0.154000,159.580002,158.460007,160.158249,792.280029,21.487936,20.602488,20.164362,19.899908
1.405000,690.179993,508.119995,319.869995,1218.172974,19.583231,18.483868,18.031013,17.700399
0.257000,182.321167,171.488235,117.650002,196.660004,22.581692,20.625921,20.824648,20.508730
0.297000,271.420013,237.860001,187.279999,1465.880005,19.903196,19.237217,18.906355,18.775099
0.273000,240.248825,217.738815,201.279999,1005.359985,21.662853,20.172478,19.397499,19.096048
0.152000,266.149994,188.889999,213.809998,1679.459961,19.853729,19.323826,18.942892,19.316940
0.124000,71.320000,77.169998,37.049999,189.998825,22.161247,21.782730,20.743425,20.334175
0.110000,97.510002,89.730003,131.518814,524.169983,20.409975,19.917112,20.509949,19.576878
0.119000,150.470001,127.230003,91.019997,713.440002,20.263130,19.652218,19.338053,19.195887
0.138000,99.354118,81.551186,55.020000,133.194702,23.540789,22.560019,21.912642,21.437990
0.140000,141.960007,114.250000,79.559998,56.270000,22.439722,20.612396,20.006294,20.366970
3.209000,253.860001,220.880005,141.580002,108.629997,21.331146,19.694944,19.125656,18.828817
0.089000,74.129997,54.680000,51.959999,168.731781,22.000957,20.592102,21.479452,20.941662
0.146000,133.059998,129.440002,161.868240,277.140015,22.398470,21.197556,20.636942,20.235212
0.167000,125.087059,87.827065,130.380005,175.876465,23.747696,22.063482,21.378012,20.868862
0.245000,242.089996,178.919998,211.360001,1459.319946,20.140495,19.516647,19.137253,18.994921
0.146000,187.789993,174.210007,144.119995,484.024139,20.718609,19.776556,19.395361,19.156778
0.629000,257.419983,267.329987,180.520004,792.830017,22.186224,20.804352,20.133646,19.711229
0.270000,199.880005,198.169998,148.399994,1105.729980,20.918245,20.135176,19.852083,19.506453
0.418588,356.988831,381.839996,243.078812,1436.000000,20.551142,19.718206,19.326960,19.166040
2.135000,415.679993,313.269989,204.089996,133.910004,20.040489,18.811071,18.411377,18.072475
0.120000,141.410004,116.800003,111.000000,299.674713,22.757017,21.478363,20.866100,20.424173
1.867353,120.052345,61.750000,85.839996,186.179993,23.337759,21.756184,21.162188,20.789942
0.204000,193.095886,165.229996,115.949997,448.889404,22.743576,21.510899,20.943924,20.540724
1.819823,275.019989,227.479996,179.259399,114.480003,21.267241,20.284288,19.115725,18.800064
0.219000,307.230011,242.699997,208.320007,1529.030029,20.115015,19.406986,19.005594,18.797390
0.119000,152.919998,145.860001,105.750000,275.130005,22.449745,21.062004,20.493252,20.097994
0.105000,181.320007,128.529999,190.410004,1080.670044,20.282732,20.531225,19.298525,19.081703
0.093000,108.610001,99.739998,99.769997,177.979996,22.231577,21.078419,20.615614,20.340673
1.815118,421.549988,207.181778,194.320007,146.679993,20.302378,18.954712,18.469166,18.165026
0.171000,83.709999,64.180000,119.525291,407.769409,22.667725,21.654526,20.548523,20.859062
2.534529,353.959991,548.059998,864.229980,1316.150024,20.644537,19.441910,19.212063,18.477009
0.075000,124.520592,63.320000,68.739998,53.180000,22.985531,23.208946,21.136034,21.600649
0.180000,153.630585,128.160004,70.989998,342.290009,21.518814,20.574081,20.205824,19.802979
0.411000,206.626465,184.740005,218.880005,234.320007,21.852341,21.754715,20.154865,19.979082
0.250000,358.989990,339.230011,369.019989,1011.219971,21.074427,19.769949,19.164591,18.796978
0.129000,170.649994,178.850006,95.970001,463.079987,21.477144,20.291647,19.826170,19.405394
1.760647,78.680000,62.990002,110.851761,46.759998,25.943918,24.026682,22.801809,22.113066
0.194000,169.550003,146.489410,102.230003,619.429993,20.938585,20.559664,19.574497,19.422974
0.793000,96.510002,84.856468,77.080002,184.679993,23.368507,21.677727,20.648790,20.632994
0.247000,341.850006,255.800003,166.389999,296.959991,20.189388,19.080399,19.696318,18.291550
0.183000,272.242371,256.320007,207.000000,1016.750000,20.526392,19.618628,19.197453,18.951593
1.417471,168.843536,126.650002,97.099998,385.755280,21.743137,20.222975,20.017567,19.584097
2.960000,154.911163,92.309998,62.150002,349.674103,22.656565,21.015423,20.353189,19.988045
2.928000,315.029999,241.750000,119.470001,157.309998,20.499477,19.201897,18.723969,18.406424
1.225000,214.660004,167.960007,172.075882,150.770004,23.059235,21.255123,20.510143,20.050425
10.303000,253.330002,212.410004,154.339996,123.379997,21.756247,19.989199,19.432684,19.067289
2.027000,434.299988,531.460022,659.099976,986.659973,19.583134,19.259571,18.884041,18.681700
0.403000,151.449997,105.980003,141.437653,130.529999,23.399750,20.947763,20.560286,20.656946
1.911235,58.689999,82.815880,72.199997,159.639999,24.019457,23.375191,22.723011,21.589350
167.322006,103.669998,122.970001,115.820000,154.529999,22.487532,22.130865,21.736225,21.220449
0.104000,125.311180,67.550003,46.759998,317.149994,22.207764,20.640524,20.468676,20.180853
0.095000,59.480000,42.080002,115.158829,74.050003,23.718002,22.293148,21.279192,21.182980
0.235000,240.649994,198.885880,220.167068,333.839996,22.417089,20.768871,20.152790,19.659538
0.208000,382.547058,310.040009,318.700012,1316.079956,20.901455,19.709581,19.163355,18.817312
2.307529,348.692963,315.049988,517.320007,3219.050049,21.298176,18.472876,18.253048,18.070213
0.121000,113.400002,93.860001,71.199997,181.380585,22.041431,21.243563,19.863485,19.556850
0.101000,127.470001,103.970001,137.102356,160.839996,22.008226,20.803442,20.370676,20.014967
0.334000,220.470001,203.240005,155.000000,308.480011,22.281996,20.335039,19.922869,19.539713
0.253000,475.760010,365.739990,354.269989,2006.430054,20.591228,19.499031,18.951759,18.601166
0.122000,191.890015,164.779999,127.839996,497.019409,20.894997,19.901108,19.539570,19.255989
0.469000,332.231781,293.675873,342.019989,1432.770020,20.890738,19.895479,19.337406,19.254761
0.205000,142.360001,165.779999,134.899994,494.561798,21.551752,20.496983,19.855402,19.610176
0.348353,213.979996,207.139999,157.369995,499.040009,22.020521,20.629665,20.051508,19.694164
0.335000,468.029999,339.250000,352.260010,2009.959961,19.712568,19.143784,19.135283,18.558210
0.203000,139.880005,139.990005,119.620003,809.690002,22.023859,19.905357,20.188734,19.793133
1.961470,87.919998,99.330002,77.510002,261.420013,21.232637,20.385851,20.136824,20.347479
0.690000,413.809998,293.239990,232.520004,582.450012,21.226765,19.986908,19.579411,19.298466
0.321000,191.550003,157.710007,120.839996,71.839996,22.133698,20.225445,19.655546,19.285284
4.466000,2570.090088,1745.359985,1602.390015,1802.589966,20.400234,17.290554,18.927486,16.754227
1.946765,90.050003,101.320000,85.349998,479.540009,22.704435,21.432362,19.893892,19.715157
0.141000,383.260010,264.558228,244.570007,1245.739990,19.957294,19.987480,18.641312,18.352663
0.328000,233.919998,189.590591,175.789993,864.500000,21.436476,20.637844,20.008671,19.457590
0.129000,151.509995,138.639999,101.519997,522.390015,21.767958,20.670334,20.204424,19.928522
0.313000,518.440002,358.559998,498.450012,2274.229980,19.122681,18.426115,18.100302,17.869131
0.097000,149.300003,122.680000,159.861176,489.589996,21.059250,20.200916,19.789190,19.540331
1.450706,189.731186,139.029999,141.559998,371.843506,22.298409,20.683317,19.942516,19.573393
0.244000,199.440002,191.259995,166.320007,655.286499,21.199774,20.222433,19.722219,19.554663
0.120000,111.669998,84.000000,91.419998,204.070572,22.785551,21.579473,20.874331,20.583399
0.112000,154.050598,81.459999,101.085876,117.730003,24.316187,22.537434,21.745071,21.190502
4.187470,121.894707,97.474113,66.370003,67.029999,23.987663,23.428801,22.796387,22.144794
0.567000,98.830002,76.752350,51.770000,35.770000,25.025684,21.888748,21.617863,20.745279
0.202000,143.869995,101.769997,177.839996,514.858887,23.242920,20.632986,20.487700,20.077356
1.745824,73.709999,51.759998,44.279999,49.290001,25.328375,23.296913,22.242260,21.747698
0.112000,105.019997,97.331757,88.510002,390.279999,22.970242,21.545309,20.788099,20.252634
1.970529,160.429993,147.864700,163.729996,1163.180054,20.401415,19.847076,20.219681,19.841208
0.326235,404.190002,278.109985,352.859985,1169.815308,19.305063,18.695990,18.393688,18.206440
1.976059,76.589996,71.230003,83.980003,166.770004,22.506058,22.106241,21.602772,21.347492
0.103000,168.960007,162.859421,132.240005,463.500580,20.843609,20.070692,19.675749,19.421001
0.521118,224.080002,156.487656,132.630005,46.380001,22.201857,21.099117,20.173399,19.719288
0.302000,127.540001,124.269997,336.640015,2278.419922,20.603243,20.349688,19.997776,19.932924
0.567118,2517.479980,1659.599976,514.278259,1785.420044,20.458832,19.332672,16.467274,16.202837
0.105000,167.160004,113.629997,145.039993,89.250000,22.745255,21.491766,20.775106,20.314150
3.796236,122.941750,87.000000,59.529999,192.699997,21.932486,21.295429,20.864567,20.352119
0.634000,307.421173,286.209991,365.899994,458.920013,21.010538,20.545753,20.093321,19.589479
0.092000,121.510002,131.940002,109.209999,403.410004,21.826056,20.794334,20.341463,19.937803
0.133000,213.770004,151.869995,138.789993,154.630005,22.156521,20.813828,20.093132,19.771406
1.677000,877.080017,623.229980,1015.690002,2212.919434,18.506136,19.271698,17.828957,17.676355
1.686000,381.809998,409.019989,347.230011,1300.934204,20.865704,19.845604,19.036879,19.124733
1.710059,77.510002,58.590000,52.680000,91.389999,23.162458,22.301476,21.496267,21.146816
0.511000,127.150002,97.180000,55.470001,42.340000,22.838890,19.799814,20.501648,20.248943
0.161000,132.160004,150.690002,112.949997,514.919983,21.433180,20.456390,19.986843,19.927729
0.620412,742.039978,527.940002,362.471191,6024.140137,20.690559,18.591236,19.324230,18.104044
0.116000,101.690002,102.889999,56.470001,240.880005,21.568935,20.697613,20.415140,20.010801
0.089000,92.699997,81.250000,90.889999,237.481171,24.903559,23.471260,20.848169,20.471889
2.054294,195.755280,140.460007,239.789993,413.959991,19.490398,19.426460,19.413355,19.791536
0.364353,187.550003,157.770004,136.229996,415.177002,21.610229,20.251104,19.701317,19.318058
