0.181500,162.669998,141.380005,94.959999,75.339996,21.415073,20.136892,19.602674,19.319460
0.465000,777.200012,587.750000,476.040009,335.250000,19.812109,18.811169,18.264801,19.686541
0.181500,115.250000,93.339996,64.120003,69.489998,21.404625,20.836205,20.278183,19.937162
0.519000,703.010010,512.109985,125.815002,4099.109863,19.552191,18.775633,18.318216,18.059576
0.094000,219.660004,146.800003,119.660004,272.059998,21.337103,20.015020,19.516535,19.195211
0.181500,93.860001,110.629997,125.815002,178.759995,21.003189,20.737759,20.819336,20.751190
0.181500,192.619995,257.970001,428.279999,335.250000,20.415760,19.551306,19.077415,18.829332
0.181500,175.570007,146.750000,75.000000,842.750000,20.204401,19.575893,19.283955,19.127851
0.133000,142.520004,116.779999,102.150002,747.989990,20.053837,19.576834,19.308905,19.214952
0.160000,120.040001,146.800003,99.849998,244.850006,22.778557,21.457178,20.892849,20.459873
0.181500,152.190002,115.510002,125.815002,102.389999,21.404625,20.757681,20.241119,19.956877
0.273000,278.100006,250.770004,201.279999,1005.359985,21.000164,19.916079,19.910936,19.686541
0.181500,275.850006,381.839996,527.570007,1436.000000,20.551142,20.399996,19.326960,19.166040
0.102000,209.619995,146.800003,167.940002,123.070000,22.459015,21.065914,19.910936,19.984419
0.181500,167.380005,118.339996,84.800003,612.070007,21.404625,20.399996,20.208811,19.906420
3.049000,78.730003,60.279999,42.320000,45.820000,25.146967,20.399996,19.910936,21.355045
0.317000,351.850006,146.800003,240.559998,335.250000,20.581404,19.558563,19.040379,18.753799
3.209000,253.860001,220.880005,141.580002,108.629997,21.331146,19.694944,19.125656,18.828817
0.181500,167.380005,119.830002,79.260002,554.349976,21.404625,20.845324,20.303371,20.003298
0.181500,501.950012,514.299988,420.750000,3048.850098,19.703754,19.067877,18.642149,18.497429
0.379000,167.380005,207.449997,208.259995,1973.579956,21.404625,20.259859,19.814646,19.606533
0.246000,167.380005,166.970001,226.070007,429.390015,21.404625,21.341690,20.420490,20.031723
0.181500,141.679993,146.800003,259.609985,439.700012,21.245310,20.573458,20.438437,20.394217
0.181500,167.380005,87.860001,120.629997,335.250000,21.404625,21.363708,20.926188,20.579075
2.764000,167.380005,164.300003,121.739998,83.040001,21.245319,19.744562,19.268076,18.976604
0.144000,136.589996,121.519997,108.949997,207.380005,21.404625,20.399996,20.596865,20.160194
0.181500,187.050003,141.220001,125.815002,335.250000,20.877905,19.673887,19.246794,19.686541
0.112000,148.559998,143.880005,82.320000,335.250000,21.239145,20.399996,19.879969,19.616590
0.106000,168.509995,160.229996,126.540001,343.320007,21.703928,20.511803,19.910936,19.677565
0.181500,215.910004,180.029999,152.559998,175.419998,20.800211,19.613701,19.155396,18.916433
0.270000,203.070007,182.809998,185.800003,335.250000,22.892847,20.399996,21.544025,20.942339
0.275000,106.190002,78.010002,72.919998,56.209999,22.260441,20.399996,20.205353,19.686541
0.103000,177.089996,137.940002,104.629997,774.710022,21.404625,20.559155,20.079256,19.789833
0.220000,167.380005,146.800003,51.570000,49.869999,21.404625,22.701828,21.776594,21.059294
0.108000,130.539993,146.800003,79.239998,335.250000,22.068338,20.471199,19.885359,19.540001
0.120000,167.380005,58.590000,52.680000,335.250000,23.162458,20.399996,21.496267,21.181080
0.114000,77.769997,77.489998,92.320000,154.270004,21.318350,20.399996,20.693853,20.578529
0.181500,157.509995,162.600006,284.950012,675.440002,24.513292,22.882179,21.786573,21.034353
0.132000,112.099998,126.680000,72.839996,400.519989,21.297855,20.399996,20.034727,19.686541
0.133000,121.309998,146.800003,164.490005,335.250000,22.133011,20.794216,20.175154,19.808064
0.429000,78.680000,62.990002,50.680000,46.759998,25.943918,24.026682,22.801809,19.686541
0.313000,59.939999,47.200001,37.770000,44.169998,25.317184,23.892248,22.760828,19.686541
0.175000,204.720001,146.800003,125.815002,662.030029,20.482428,19.693684,19.910936,19.053612
0.181500,71.949997,146.800003,177.649994,335.250000,23.074623,21.663675,19.910936,20.694841
0.143000,454.640015,146.800003,207.529999,163.330002,20.459047,20.399996,18.697605,18.318146
0.198000,167.380005,146.800003,172.009995,235.669998,21.087843,20.906767,19.910936,20.673098
0.112000,109.400002,81.459999,108.279999,117.730003,21.404625,22.537434,21.745071,21.190502
0.181500,130.630005,146.800003,83.419998,645.700012,20.547096,20.027164,19.695774,19.572098
0.166000,386.399994,146.800003,250.410004,1404.849976,20.267609,19.220720,18.756674,18.440273
26.483999,89.339996,65.160004,65.800003,59.730000,21.404625,23.071959,22.038713,19.686541
0.245000,167.380005,178.919998,211.360001,1459.319946,20.140495,19.516647,19.137253,18.994921
0.277000,167.380005,101.510002,93.870003,220.059998,21.620533,20.399605,20.190624,19.814478
0.181500,87.860001,146.800003,248.690002,448.540009,25.601269,20.399996,19.910936,21.970518
0.182000,100.000000,103.300003,81.970001,64.790001,25.578140,24.323042,23.324181,19.686541
0.181500,321.299988,146.800003,158.479996,113.250000,21.377274,19.679182,19.910936,18.774555
0.178000,167.380005,124.470001,71.660004,401.209991,21.404625,20.399996,19.910936,19.747927
0.166000,167.380005,164.690002,125.815002,148.039993,21.831488,20.556644,19.977581,19.663385
0.128000,160.160004,146.800003,148.399994,911.349976,21.870134,20.721718,20.155735,19.686541
0.242000,167.380005,414.760010,316.250000,335.250000,19.224829,18.307779,17.932190,17.675060
0.124000,71.320000,77.169998,37.049999,238.580002,22.161247,21.190037,20.743425,20.334175
0.192000,196.970001,146.800003,159.139999,237.070007,22.584913,20.399996,19.910936,19.988829
0.121000,167.380005,146.800003,141.860001,585.260010,21.442265,20.166142,19.607649,19.206545
0.157000,167.380005,127.239998,139.899994,212.190002,21.664042,20.881800,20.425104,20.149727
0.181500,194.119995,156.440002,111.949997,72.150002,21.404625,20.194538,19.588833,19.288101
0.181500,157.750000,146.800003,102.400002,77.489998,21.404625,21.122219,20.451286,20.082113
22.881001,167.380005,98.320000,94.650002,42.099998,23.334433,21.442764,20.561773,20.122467
0.396000,322.899994,257.029999,143.910004,335.250000,20.454676,19.106123,18.659460,19.686541
0.181500,53.570000,65.000000,79.980003,116.870003,21.404625,21.365488,19.910936,19.686541
0.148000,259.339996,146.800003,125.815002,335.250000,21.150206,19.602514,19.910936,18.739656
0.117000,130.500000,117.900002,89.449997,712.869995,21.404625,19.993837,19.625542,19.686541
0.163000,105.269997,71.389999,89.919998,89.410004,23.448433,22.457613,19.910936,19.686541
0.168000,155.089996,123.070000,78.900002,676.340027,21.299728,20.399996,20.168131,19.952484
0.105000,104.769997,79.010002,73.879997,349.019989,21.021036,20.435987,20.050039,19.875229
0.149000,167.380005,146.800003,526.500000,2186.590088,18.847897,18.023632,17.622215,17.348049
0.213000,190.820007,139.029999,141.559998,64.419998,21.404625,20.399996,19.942516,19.686541
0.195000,212.500000,209.559998,180.080002,569.299988,20.959845,19.985296,19.534229,19.219276
51.051998,91.019997,70.400002,51.480000,335.250000,24.781952,23.593334,22.317453,21.558222
0.121000,68.660004,55.970001,52.490002,60.630001,23.006601,21.600262,20.828396,20.589745
0.393000,167.380005,146.800003,232.020004,701.140015,21.404625,19.882795,19.392710,19.686541
0.181500,113.480003,146.800003,122.230003,104.410004,23.621233,22.603064,21.779354,21.387903
0.193000,167.380005,146.800003,121.379997,335.250000,22.211721,21.046198,20.498459,20.159462
0.181500,40.450001,146.800003,62.169998,92.129997,21.404625,22.450462,22.076965,22.036455
0.127000,167.380005,146.800003,136.009995,335.250000,20.531610,19.636198,19.221474,19.017891
0.128000,167.380005,116.839996,107.089996,281.829987,21.404625,21.241665,19.910936,20.267040
0.721000,436.730011,588.440002,864.750000,1421.250000,20.571476,19.389593,19.099236,18.968019
0.181500,234.929993,215.839996,180.250000,1042.780029,21.404625,20.122477,19.910936,19.168642
0.181500,419.410004,330.070007,303.769989,335.250000,21.404625,19.023489,18.559198,18.253170
0.145000,119.550003,81.620003,77.690002,48.330002,25.503029,23.131966,21.878378,21.140779
0.124000,127.410004,126.650002,97.099998,325.920013,21.087029,20.399996,19.910936,19.584097
1.576000,448.839996,724.549988,1164.050049,2681.399902,21.404625,19.362436,18.947090,18.785685
0.230000,129.300003,136.899994,114.459999,335.250000,22.309357,20.399996,20.518953,20.074375
0.164000,273.809998,333.790009,456.470001,861.070007,21.287500,20.399996,19.371031,19.686541
51.667000,206.330002,143.039993,125.815002,69.019997,21.404625,21.164017,20.232637,19.803522
0.181500,65.080002,52.529999,72.459999,63.480000,21.404625,22.837301,19.910936,21.907263
0.378000,364.799988,282.160004,267.609985,2227.629883,20.148035,19.462954,19.011007,19.686541
0.181500,191.779999,134.270004,111.269997,335.250000,22.719311,20.892685,20.105993,19.731138
0.601000,576.419983,895.900024,125.815002,335.250000,23.328543,21.499809,19.910936,19.904701
0.158000,289.940002,146.800003,171.500000,750.820007,20.411034,19.440115,19.910936,18.757685
0.169000,231.850006,158.970001,133.490005,82.669998,22.748623,20.836885,19.910936,19.554153
0.374000,159.500000,116.779999,133.240005,99.739998,24.016771,22.713562,21.752123,19.686541
0.505000,619.590027,424.450012,125.815002,3276.330078,21.404625,18.445299,18.136696,17.938154
0.403000,151.449997,146.800003,106.940002,335.250000,23.399750,22.016672,21.058895,20.656946
0.181500,358.489990,146.800003,296.489990,335.250000,19.679680,18.926666,18.583941,18.373442
0.079000,115.150002,146.800003,125.815002,335.250000,22.282019,21.163887,19.910936,20.197638
167.322006,103.669998,146.800003,115.820000,154.529999,22.452772,22.130865,21.736225,21.220449
0.181500,404.950012,146.800003,125.815002,140.929993,21.404625,19.103123,18.595173,18.264322
0.118000,162.509995,136.729996,125.815002,180.899994,23.409912,21.666925,20.897932,20.341917
0.183000,167.380005,228.460007,165.750000,640.349976,22.058401,20.786182,20.174459,19.741522
0.181500,346.869995,261.369995,303.489990,2155.620117,19.837080,19.062891,18.583988,18.421085
0.181500,277.049988,256.320007,207.000000,1016.750000,20.526392,19.618628,19.910936,19.686541
0.118000,97.610001,59.790001,50.400002,54.340000,23.519657,21.985523,21.212864,20.814924
0.181500,716.840027,528.299988,588.549988,4164.750000,19.326096,18.529543,18.113789,17.876532
0.113000,144.410004,126.459999,83.900002,90.830002,21.597473,20.399996,19.720751,19.686541
0.101000,188.160004,132.410004,154.229996,810.030029,21.404625,19.256418,19.091282,18.960630
0.102000,353.959991,548.059998,864.229980,1316.150024,18.741367,18.640305,18.417936,18.477009
0.394000,256.130005,211.979996,139.279999,108.339996,21.404625,20.399996,19.241425,18.886435
0.116000,136.369995,124.190002,98.620003,227.729996,23.018318,21.572763,19.910936,20.513048
0.181500,167.380005,238.139999,154.500000,509.940002,20.915577,19.759327,19.186100,18.921015
0.181500,1150.569946,760.390015,775.780029,335.250000,18.593582,20.399996,17.324270,19.686541
0.299000,323.989990,293.920013,125.815002,549.729980,21.200830,19.899466,19.910936,19.042913
0.255000,614.659973,510.040009,125.815002,1532.560059,20.030245,18.883795,18.353531,18.043331
0.091000,164.860001,146.800003,125.815002,831.650024,20.274332,19.671669,19.314398,19.157225
0.181500,167.380005,165.960007,125.815002,1288.530029,19.936811,19.455667,19.147902,19.058918
0.085000,47.740002,51.889999,55.709999,205.089996,23.306103,22.179365,19.910936,21.403713
0.110000,112.750000,103.449997,74.059998,335.250000,21.099827,20.212282,19.847588,19.541658
0.101000,167.380005,80.000000,55.689999,351.829987,20.342026,19.766253,19.910936,19.306099
1.026000,1147.050049,784.809998,541.609985,521.130005,18.972586,17.869579,17.366880,19.686541
0.620000,162.610001,106.769997,100.589996,49.230000,24.789791,20.399996,21.338795,20.723230
0.142000,95.300003,76.690002,76.360001,58.230000,25.472752,20.399996,19.910936,21.750257
0.105000,151.880005,97.099998,86.970001,55.520000,23.802357,21.981268,20.877180,20.448601
0.181500,236.100006,146.800003,113.250000,335.250000,23.182713,20.399996,20.180851,19.686541
0.181500,167.380005,115.610001,91.669998,335.250000,21.404625,21.397499,19.910936,20.413179
30.469999,154.020004,100.489998,57.950001,335.250000,24.774839,20.399996,21.724804,19.686541
0.181500,139.309998,96.070000,88.330002,335.250000,23.669962,21.961226,20.920673,20.502682
0.185000,168.070007,146.800003,108.809998,335.250000,21.404625,19.625168,19.238100,19.120771
0.295000,192.490005,225.470001,125.815002,1029.680054,21.026754,20.237268,19.732971,19.585114
0.181500,167.380005,72.660004,78.209999,51.990002,25.423796,23.432669,22.099997,21.487717
0.181500,114.580002,111.900002,145.250000,422.059998,22.196108,21.018438,20.361204,19.686541
0.181500,167.380005,190.889999,359.519989,335.250000,22.350975,20.886274,20.504871,20.259485
0.181500,167.380005,131.050003,109.970001,81.440002,22.804237,20.936815,20.129808,19.743225
0.170000,167.380005,146.850006,93.110001,325.799988,20.778763,19.977791,19.700886,19.380548
0.624000,71.779999,68.370003,125.815002,60.689999,23.803226,22.100952,21.389486,21.050980
0.089000,239.470001,212.550003,138.490005,335.250000,21.400768,20.149729,19.562426,19.686541
0.087000,167.380005,107.669998,125.815002,821.859985,20.828505,20.192312,19.761698,19.686541
0.316000,258.220001,229.800003,166.410004,972.070007,21.076178,20.164732,19.663464,19.429504
0.088000,102.849998,146.800003,125.815002,468.179993,22.111540,21.123623,20.588398,19.686541
0.105000,63.310001,49.730000,48.509998,178.330002,20.565451,20.135384,19.932119,19.686541
0.205000,142.360001,165.779999,125.815002,1037.900024,21.551752,20.496983,19.855402,19.686541
0.113000,186.759995,150.550003,119.129997,62.169998,21.999964,20.285490,19.665010,19.336958
0.216000,289.989990,255.300003,192.949997,1017.520020,21.404625,19.551819,19.134388,19.686541
0.082000,137.000000,146.800003,125.815002,623.559998,20.808004,20.078794,19.910936,19.440868
0.111000,206.600006,138.240005,154.520004,127.730003,22.925411,21.548769,20.770311,19.686541
0.278000,323.130005,255.649994,143.259995,134.339996,20.861052,19.308552,18.831039,19.686541
0.172000,110.610001,98.059998,82.739998,65.559998,21.404625,23.371250,22.475599,19.686541
0.159000,330.540009,146.800003,153.990005,104.430000,20.000366,18.894444,18.482725,18.194300
0.328000,439.420013,315.049988,517.320007,3219.050049,18.998226,18.472876,18.253048,18.070213
0.228000,167.380005,242.139999,172.610001,173.750000,21.404625,19.155977,18.626251,18.251677
1.725000,167.380005,544.080017,125.815002,294.109985,19.190145,20.399996,19.910936,17.353703
0.101000,218.210007,187.649994,128.820007,375.179993,20.746492,20.399996,19.225866,18.978308
0.181500,167.380005,115.239998,82.290001,335.250000,21.404625,20.399996,19.733963,19.686541
0.250000,192.190002,146.800003,167.020004,304.369995,21.404625,20.623545,20.159599,19.686541
0.116000,193.949997,154.509995,125.815002,335.250000,22.137892,20.658625,19.910936,19.686541
0.335000,468.029999,339.250000,125.815002,2009.959961,19.712568,19.143784,19.910936,18.558210
0.405000,164.809998,146.800003,84.709999,335.250000,21.211378,20.399996,19.460266,19.190468
0.105000,167.160004,113.629997,145.039993,89.250000,22.745255,20.399996,20.775106,20.374964
0.135000,127.660004,90.959999,125.815002,85.589996,22.931499,20.399996,21.133892,19.686541
0.103000,79.410004,59.849998,79.059998,335.250000,23.017405,21.969799,21.390457,19.686541
0.243000,167.380005,153.050003,167.990005,335.250000,23.501341,21.569799,21.032822,20.579817
0.247000,341.850006,146.800003,125.815002,296.959991,20.189388,19.080399,18.607101,19.686541
0.181500,221.889999,210.610001,125.815002,379.839996,22.433828,20.399996,20.311848,19.883280
0.351000,167.380005,151.639999,148.000000,232.580002,23.007385,22.131180,21.351748,20.777163
0.874000,168.339996,146.800003,78.360001,62.799999,24.504066,22.685120,19.910936,20.762375
0.110000,119.470001,82.080002,82.279999,56.830002,24.221899,22.670177,21.586237,21.072208
0.093000,167.600006,125.309998,80.089996,96.269997,21.404625,20.399996,22.048904,19.686541
0.105000,123.070000,82.529999,62.029999,54.040001,24.907938,22.999664,19.910936,20.984379
0.296000,254.119995,253.339996,196.559998,1161.000000,21.676142,20.626879,19.910936,19.756830
0.332000,162.059998,189.919998,168.899994,335.250000,21.019661,20.399996,19.760347,19.377897
0.181500,402.730011,357.040009,125.815002,1151.310059,20.386761,19.367266,19.910936,18.596069
0.181500,167.380005,185.399994,120.540001,699.619995,21.404625,20.308481,19.910936,19.686541
0.516000,159.139999,101.440002,98.750000,39.590000,24.105125,22.446686,21.263683,20.778488
0.619000,167.380005,146.800003,125.815002,4077.409912,21.404625,18.397814,18.253361,18.128439
0.313000,518.440002,358.559998,498.450012,2274.229980,19.122681,18.426115,18.100302,17.869131
0.093000,167.380005,99.739998,99.769997,177.979996,22.231577,20.399996,20.615614,20.322954
0.193000,171.350006,157.809998,100.730003,696.049988,20.588375,20.399996,19.910936,19.303070
1.587000,61.900002,171.910004,418.299988,1008.460022,21.404625,23.058920,22.513365,22.056700
0.130000,112.650002,104.449997,86.779999,225.529999,22.550190,21.417519,19.910936,20.549585
0.181500,131.720001,125.120003,98.120003,239.800003,22.351526,21.046131,20.492470,20.072176
0.243000,42.599998,146.800003,125.815002,126.779999,22.460592,22.252237,21.936306,21.747458
1.037000,133.830002,92.449997,72.699997,57.119999,21.404625,23.001095,21.776810,20.994650
0.153000,167.380005,59.770000,71.459999,81.580002,21.404625,20.399996,21.388741,19.686541
0.355000,813.469971,535.190002,125.815002,398.929993,18.905699,17.893652,17.481785,17.171175
0.117000,95.730003,70.250000,89.260002,335.250000,23.759241,22.862549,22.123552,21.750439
0.144000,153.139999,137.649994,108.239998,701.030029,21.404625,20.595533,20.077240,19.686541
0.278000,167.380005,105.930000,125.815002,65.070000,23.514738,21.685301,20.644175,20.191355
0.109000,81.669998,60.599998,79.800003,53.130001,24.558434,20.399996,21.920364,21.386562
0.133000,213.770004,151.869995,138.789993,154.630005,22.156521,20.813828,20.093132,19.771406
0.181500,112.919998,86.760002,104.989998,123.440002,23.871323,20.399996,21.302765,20.864649
0.127000,223.940002,166.660004,125.815002,909.799988,20.404163,19.551058,19.087883,18.860449
0.089000,74.129997,54.680000,51.959999,33.630001,22.000957,20.592102,20.199511,19.686541
0.243000,289.779999,256.230011,229.080002,335.250000,21.110918,19.862993,19.910936,19.010111
0.168000,159.169998,146.800003,87.940002,48.980000,21.404625,22.049368,19.910936,20.555342
0.181500,167.380005,123.089996,125.815002,131.660004,22.679449,21.578033,19.910936,19.686541
0.297000,271.420013,237.860001,187.279999,1465.880005,19.903196,19.237217,18.906355,18.775099
0.181500,172.759995,117.660004,164.339996,916.330017,21.404625,19.357334,19.213263,19.119678
0.181500,184.830002,201.380005,136.490005,621.909973,21.499397,20.456146,19.999460,19.547411
0.181500,102.650002,76.739998,94.940002,88.110001,21.404625,21.585611,21.028229,20.692072
0.427000,265.329987,204.350006,126.230003,99.320000,20.606319,19.342680,18.876900,19.686541
0.632000,343.239990,352.459991,266.799988,1048.069946,20.834190,19.775534,19.349092,19.686541
0.177000,126.809998,122.589996,76.699997,256.320007,21.404625,20.361414,19.910936,19.705185
0.526000,71.239998,146.800003,59.000000,265.290009,21.326288,20.377317,19.910936,19.686541
0.847000,167.380005,287.070007,125.815002,335.250000,21.404625,19.285404,19.910936,18.472607
0.119000,167.380005,127.230003,91.019997,713.440002,20.263130,20.399996,19.338053,19.195887
0.173000,214.000000,146.800003,145.759995,960.239990,20.828257,20.399996,19.910936,19.236422
0.255000,146.570007,182.300003,125.815002,307.079987,21.404625,20.703308,20.195183,19.686541
0.120000,167.380005,157.089996,108.970001,355.649994,22.225754,20.843880,19.910936,19.890091
0.227000,86.879997,91.080002,125.815002,371.820007,21.404625,21.420088,20.921490,20.532642
0.172000,209.490005,198.270004,125.815002,403.089996,22.608240,21.023140,19.910936,19.956274
0.126000,179.839996,180.250000,149.699997,335.250000,21.969496,20.843405,20.279699,19.961929
0.121000,167.380005,202.789993,157.630005,654.640015,21.488958,20.267832,19.741434,19.361055
0.091000,97.400002,131.690002,292.609985,550.049988,22.980974,20.399996,20.792202,20.636013
0.104000,204.660004,145.020004,138.190002,819.969971,21.404625,19.013121,18.733027,18.569963
0.334000,220.470001,203.240005,155.000000,308.480011,22.281996,20.661516,19.979511,19.539713
2.062000,118.279999,146.800003,373.720001,607.510010,22.900040,22.627605,19.910936,19.686541
0.109000,167.380005,159.610001,125.815002,720.099976,21.404625,19.818312,19.374868,19.165558
1.859000,148.949997,146.800003,95.290001,63.700001,22.784367,20.399996,19.910936,20.489902
0.076000,142.690002,134.699997,106.000000,355.040009,21.630997,20.399996,19.953871,19.596907
0.181500,167.380005,146.800003,67.489998,258.019989,21.070145,20.163342,19.764219,19.529341
0.149000,149.800003,172.279999,125.815002,335.250000,21.100468,20.049934,19.607714,19.394974
0.181500,368.859985,308.720001,225.470001,212.929993,21.898653,20.057741,19.429251,19.686541
0.181500,167.380005,88.330002,113.570000,91.580002,22.776268,21.608555,21.077103,20.709658
0.472000,173.860001,146.800003,325.390015,490.040009,19.049068,20.399996,18.680634,18.634951
0.189000,47.279999,146.800003,56.810001,182.100006,21.404625,20.399996,20.909374,20.603968
0.206000,96.260002,146.800003,65.169998,102.089996,23.744461,20.399996,19.910936,20.836380
0.109000,167.380005,146.800003,104.629997,323.929993,22.509275,21.204388,19.910936,20.195478
0.188000,167.380005,120.349998,125.400002,134.970001,22.173603,21.811190,21.765726,21.423119
0.181500,225.600006,186.520004,142.149994,192.350006,21.763714,20.451700,19.926264,19.568924
0.171000,91.959999,146.800003,125.815002,530.559998,20.204502,20.198092,20.088451,20.079260
0.277000,304.890015,238.740005,235.610001,1735.719971,20.032108,20.399996,18.990719,18.827303
0.265000,722.330017,146.800003,125.815002,1573.479980,20.166286,19.499916,19.211880,19.244808
0.165000,171.440002,169.279999,111.519997,776.150024,21.404625,20.399996,19.910936,19.336647
0.148000,210.050003,187.190002,146.389999,775.159973,21.403667,20.302393,19.775900,19.467665
0.181500,302.029999,286.309998,275.100006,591.190002,20.299524,19.243353,18.802380,18.588387
1.488000,120.129997,89.500000,82.629997,59.020000,23.584929,21.864594,21.039412,20.544405
0.443000,167.380005,360.220001,299.429993,1483.689941,19.717199,18.800119,18.393400,18.104158
0.214000,275.209991,198.020004,125.815002,1969.939941,19.711126,20.399996,18.777952,18.641716
0.181500,288.290009,229.279999,131.380005,335.250000,21.404625,20.399996,19.029573,18.677637
0.106000,135.779999,81.849998,36.490002,335.250000,24.246717,22.261099,19.910936,20.558062
0.106000,201.740005,293.540009,386.640015,573.080017,20.653898,19.996725,19.789446,19.733347
0.128000,177.820007,132.860001,138.940002,841.070007,20.150488,19.635593,19.306000,19.113997
0.181000,88.330002,130.789993,125.815002,335.250000,20.215403,20.399996,19.859720,19.869322
0.181500,66.349998,59.099998,52.480000,105.570000,23.819317,22.118717,19.910936,20.986414
0.181500,58.669998,42.230000,42.799999,335.250000,23.854567,23.091930,22.261930,21.859255
0.150000,68.889999,74.519997,54.720001,236.710007,21.979782,20.399996,20.792198,20.371813
0.181500,490.619995,384.500000,125.815002,470.869995,20.367245,19.173630,18.726118,19.686541
0.170000,292.760010,249.119995,203.500000,1286.089966,20.837299,19.814075,19.381624,19.047510
0.182000,167.380005,143.470001,141.399994,875.299988,20.457720,19.761475,19.431967,19.686541
0.181500,555.380005,389.019989,476.709991,2233.350098,20.413147,19.381790,18.929670,18.574390
0.171000,245.289993,146.800003,164.139999,238.009995,21.812162,20.423038,19.910936,19.686541
0.125000,114.550003,146.800003,72.970001,218.410004,21.979788,20.794195,20.366570,20.008595
0.537000,703.510010,492.670013,405.209991,1248.310059,19.194637,20.399996,17.823263,19.686541
0.217000,167.380005,182.839996,194.199997,1098.380005,20.522381,19.775049,19.402239,19.111597
0.096000,47.779999,45.290001,48.029999,154.919998,21.404625,20.235157,20.018961,20.083138
0.181500,282.760010,208.679993,226.339996,1207.660034,21.427067,20.390562,19.839878,19.492506
0.181500,1263.319946,767.979980,708.809998,606.140015,18.139297,20.399996,16.953325,19.686541
0.181500,112.889999,146.800003,81.980003,211.119995,21.404625,21.511736,20.973213,20.523766
0.163000,151.600006,157.309998,216.380005,286.230011,22.680916,20.399996,20.669943,20.495872
3.909000,192.929993,265.200012,321.890015,471.529999,22.308645,20.850279,20.335382,19.686541
0.181500,167.380005,260.450012,372.570007,2258.179932,19.647266,20.399996,18.933851,18.751366
0.203000,139.880005,139.990005,119.620003,809.690002,20.656279,19.905357,19.497030,19.398346
0.240000,226.139999,146.800003,148.800003,335.250000,19.527262,20.399996,18.871523,19.686541
0.237000,167.380005,68.510002,55.930000,75.860001,23.507086,20.399996,22.853672,22.486471
0.175000,113.330002,146.800003,74.419998,331.980011,21.663048,20.399996,20.419708,20.055496
0.181500,434.299988,146.800003,659.099976,986.659973,19.583134,19.259571,18.884041,18.799065
0.101000,127.470001,103.970001,105.589996,335.250000,22.008226,20.803442,19.910936,19.686541
0.248000,229.619995,189.289993,125.815002,335.250000,20.648409,19.866974,19.453789,19.246918
0.103000,139.919998,102.809998,72.849998,70.589996,21.404625,21.728750,20.952116,20.511299
0.253000,475.760010,365.739990,354.269989,2006.430054,20.591228,19.499031,18.951759,18.601166
0.181500,1363.880005,1088.569946,1509.479980,4039.360107,21.404625,17.913689,17.544147,17.261433
20.615000,117.050003,146.800003,125.815002,335.250000,21.404625,21.666773,20.774385,20.333223
0.181500,462.480011,418.279999,492.679993,2715.550049,19.585203,18.943487,18.515303,18.353182
0.122000,178.130005,139.970001,127.339996,1249.060059,21.404625,19.208561,18.905899,19.686541
0.183000,78.980003,60.090000,64.540001,105.320000,24.026707,22.829699,22.187983,21.804026
0.176000,301.230011,215.970001,245.779999,1767.880005,19.864124,19.170664,18.758528,18.568562
0.113000,231.139999,171.860001,178.869995,335.250000,21.404625,20.399996,19.910936,19.686541
0.282000,185.779999,123.410004,125.815002,335.250000,21.404625,22.626282,21.491066,20.935368
0.166000,167.380005,146.800003,71.540001,129.529999,25.030704,24.145861,19.910936,19.686541
0.663000,285.260010,293.809998,428.119995,2142.389893,18.965569,18.775358,18.480978,18.719337
0.114000,152.270004,131.320007,108.519997,843.080017,20.614487,19.888948,19.465435,19.289516
0.571000,3479.080078,3804.870117,4576.740234,7072.819824,21.404625,18.389772,19.910936,17.868402
0.126000,113.190002,103.230003,81.970001,242.910004,21.404625,21.763180,19.910936,20.765810
0.181500,167.380005,146.800003,125.815002,52.150002,25.829565,23.441261,22.222523,21.257900
0.255000,63.459999,52.250000,45.650002,43.669998,24.366674,20.399996,22.315718,21.736757
11.618000,213.770004,130.839996,118.809998,58.750000,23.634890,21.696365,19.910936,19.686541
0.181500,129.309998,131.250000,160.449997,319.170013,21.856066,20.489147,19.910936,19.695517
0.181500,127.050003,102.129997,57.860001,81.949997,24.118074,23.010389,22.061815,21.357241
0.986000,329.100006,407.329987,590.739990,1091.619995,21.433023,20.100662,19.795784,19.265400
0.181500,167.380005,440.619995,125.815002,335.250000,19.991966,18.645008,18.202450,17.929413
0.099000,116.070000,167.779999,286.760010,514.969971,19.966721,20.399996,19.576490,19.570786
0.314000,61.009998,146.800003,64.040001,335.250000,23.545181,22.962200,22.336685,21.723764
0.781000,167.380005,146.800003,326.149994,335.250000,20.474039,20.346724,20.074717,19.964804
0.753000,164.929993,146.800003,125.815002,335.250000,21.404625,20.088409,20.004715,19.816643
0.181500,361.399994,588.419983,999.369995,2418.610107,21.607752,20.132416,19.720667,19.287271
0.169000,45.880001,146.800003,35.230000,213.119995,21.404625,20.399996,20.509220,20.338539
0.182000,128.169998,97.690002,105.230003,335.250000,20.787586,20.144476,19.910936,19.686541
0.102000,101.419998,94.059998,50.750000,177.970001,21.346136,20.475147,20.128601,19.782673
0.191000,163.630005,158.259995,125.160004,335.250000,21.404625,20.201803,19.910936,19.559656
0.301000,167.380005,307.739990,248.610001,1795.199951,20.430538,19.605377,19.198532,19.686541
0.244000,193.820007,150.720001,129.979996,861.609985,20.569328,19.851131,19.479731,19.289974
0.149000,152.360001,141.070007,108.360001,739.650024,20.726103,20.101976,19.770464,19.606380
0.177000,167.380005,193.080002,175.309998,459.690002,20.709345,19.759268,19.410975,19.132919
0.113000,247.000000,146.800003,149.500000,782.510010,21.266867,20.399996,19.910936,19.064020
0.176000,167.380005,88.349998,109.889999,335.250000,23.688564,22.269218,19.910936,19.686541
0.674000,176.470001,199.919998,294.989990,335.250000,23.213728,22.206728,21.342346,20.932741
0.111000,72.389999,60.439999,55.040001,33.570000,21.404625,22.876160,21.982485,21.522886
0.153000,119.839996,146.800003,259.329987,392.420013,22.871885,21.802734,21.168980,19.686541
0.141000,145.229996,216.679993,125.815002,394.970001,20.444502,20.180359,20.241497,20.293161
0.180000,167.380005,146.800003,70.989998,342.290009,21.518814,20.574081,19.910936,19.802979
0.250000,174.970001,197.149994,177.089996,730.739990,21.599760,20.445862,19.906403,19.589504
1.283000,107.309998,82.150002,71.150002,64.169998,20.854095,20.399996,19.411734,19.283653
0.132000,443.820007,307.829987,260.619995,1193.959961,19.762484,18.830189,18.364887,18.049841
0.095000,59.480000,146.800003,125.815002,74.050003,23.718002,22.293148,21.279192,21.124180
0.627000,167.380005,369.700012,561.580017,4182.990234,19.036488,18.492619,18.184475,19.686541
0.181500,167.380005,101.820000,129.100006,199.169998,20.185274,20.202093,20.018730,20.031874
0.111000,428.730011,309.929993,226.440002,335.250000,19.272398,18.485832,19.910936,17.858303
0.531000,161.940002,198.690002,199.580002,711.080017,21.003340,20.399996,19.910936,19.446316
0.181500,230.990005,184.309998,107.250000,96.540001,21.107548,19.671150,19.910936,18.935566
0.190000,59.009998,44.759998,38.139999,110.790001,21.404625,21.890543,21.408686,19.686541
0.181500,121.269997,109.540001,74.760002,702.929993,21.597542,20.704254,20.200249,19.982132
0.129000,167.380005,138.639999,101.519997,522.390015,21.767958,20.786163,19.910936,19.928522
0.372000,112.860001,99.669998,126.660004,161.149994,23.453768,22.128069,19.910936,21.239910
0.161000,167.380005,150.690002,112.949997,514.919983,21.404625,20.456390,19.910936,19.607378
0.098000,85.290001,65.129997,67.820000,47.630001,21.404625,22.237974,21.655508,21.220911
0.181500,184.080002,149.750000,164.160004,235.399994,23.152838,21.482763,20.884525,20.427387
0.222000,136.149994,152.470001,105.610001,744.210022,21.404625,20.399996,19.910936,19.736572
0.181500,108.230003,118.540001,89.559998,410.579987,21.320618,20.470600,19.910936,19.686541
1.405000,690.179993,508.119995,125.815002,335.250000,19.583231,18.483868,18.031013,17.700399
0.278000,135.250000,114.510002,130.860001,335.250000,22.417255,20.399996,20.287378,19.686541
0.204000,276.769989,146.800003,209.289993,335.250000,20.242760,20.399996,19.123133,18.919706
0.195000,219.619995,218.639999,203.279999,335.250000,20.930267,19.911280,19.417597,19.143349
0.181500,415.679993,146.800003,204.089996,133.910004,20.040489,18.811071,18.411377,18.072475
0.161000,270.380005,189.550003,208.130005,910.340027,21.404625,18.724957,18.473904,18.304708
1.225000,214.660004,146.800003,161.690002,150.770004,23.059235,21.255123,20.510143,20.050425
1.503000,182.960007,109.540001,87.610001,53.580002,23.757000,21.847809,20.627209,20.164236
1.643000,1736.650024,1280.650024,2358.129883,11760.419922,18.044619,17.337128,17.040546,16.788044
0.113000,96.419998,88.339996,125.815002,192.380005,21.404625,21.941725,19.910936,19.686541
0.326000,243.809998,276.690002,265.019989,575.299988,21.526623,20.137476,19.698143,19.322620
0.159000,119.879997,110.000000,78.910004,196.179993,21.441816,20.355194,19.910936,19.519514
0.469000,316.350006,274.160004,342.019989,1432.770020,20.890738,19.895479,19.337406,19.025967
0.174000,88.440002,61.720001,56.299999,50.299999,21.404625,21.947296,21.184137,19.686541
