0.099000,113.470001,97.580002,73.239998,144.350006,22.249418,21.002777,20.532530,20.169235
0.643000,427.390015,304.179993,187.889999,173.550003,19.748240,18.629675,18.196745,17.909130
0.566000,125.099998,98.959999,78.430000,53.650002,26.402912,23.950920,22.694357,21.648527
0.173000,214.000000,185.199997,145.759995,960.239990,20.828257,19.896940,19.458433,19.236422
0.384000,157.580002,155.600006,218.550003,226.669998,21.384525,21.057491,20.547100,20.293631
0.394000,256.130005,211.979996,139.279999,108.339996,21.404625,19.788736,19.241425,18.886435
0.097000,75.180000,66.660004,65.160004,111.900002,22.091887,21.049351,20.647795,20.314198
0.159000,111.750000,87.860001,120.629997,131.479996,22.503582,21.363708,20.926188,20.579075
0.322000,97.540001,63.000000,56.250000,51.290001,24.086466,22.848234,21.703249,21.141121
0.267000,140.919998,111.220001,134.210007,375.690002,18.634161,18.637074,18.810844,18.722239
0.169000,45.880001,36.070000,35.230000,213.119995,21.689695,20.949295,20.509220,20.338539
0.185000,122.820000,80.349998,63.470001,58.599998,23.658278,21.933323,21.095722,20.706371
0.087000,162.669998,141.380005,94.959999,75.339996,21.415073,20.136892,19.602674,19.319460
0.105000,181.320007,128.529999,190.410004,1080.670044,20.282732,19.597092,19.298525,19.081703
0.093000,85.220001,58.630001,61.259998,281.390015,20.706163,20.218950,20.009111,19.799023
0.361000,128.059998,190.889999,359.519989,975.450012,22.350975,20.886274,20.504871,20.259485
0.204000,101.180000,89.580002,68.040001,168.759995,22.913948,21.484028,20.876280,20.470238
0.251000,120.099998,128.279999,103.180000,440.010010,22.558994,21.285606,20.978674,20.408831
0.110000,87.860001,135.809998,248.690002,448.540009,25.601269,23.870672,22.652058,21.970518
0.220000,206.210007,215.380005,162.169998,567.840027,21.620945,20.321125,19.811617,19.452208
0.201000,108.160004,114.519997,94.309998,356.700012,22.299753,20.959917,20.481382,20.115877
0.108000,186.169998,170.669998,117.050003,451.549988,20.702309,19.771587,19.364344,19.118099
0.148000,259.339996,200.139999,104.290001,95.589996,21.150206,19.602514,19.092606,18.739656
1.039000,273.980011,202.550003,160.729996,99.220001,22.110189,20.216722,19.538170,19.140701
0.567000,98.830002,65.050003,51.770000,35.770000,25.025684,22.877718,21.617863,20.994293
0.182000,265.279999,236.449997,154.179993,244.410004,21.183010,19.749964,19.242205,18.894831
0.089000,110.660004,88.430000,64.690002,54.770000,24.657663,23.566622,22.467243,21.946178
0.212000,362.429993,317.359985,222.059998,690.969971,20.292528,19.213518,18.729748,18.471794
0.128000,160.160004,149.330002,148.399994,911.349976,21.870134,20.721718,20.155735,19.811430
0.159000,91.330002,89.849998,69.529999,268.690002,21.946678,20.781277,20.274296,19.982687
0.167000,212.070007,200.429993,140.089996,1022.520020,21.147892,20.165726,19.645311,19.361181
3.359000,178.669998,120.050003,104.449997,57.630001,23.048670,21.156239,20.277496,19.863035
0.117000,174.339996,117.349998,113.849998,89.029999,22.570620,21.231789,20.487831,20.158411
0.088000,102.849998,106.919998,97.809998,468.179993,22.111540,21.123623,20.588398,20.255562
0.378000,209.940002,174.750000,197.080002,1946.410034,21.399899,20.566551,19.967480,19.742189
0.115000,90.050003,101.320000,85.349998,479.540009,21.062063,20.306461,19.893892,19.715157
0.166000,220.169998,164.690002,141.410004,148.039993,21.831488,20.556644,19.977581,19.663385
0.227000,86.879997,91.080002,89.330002,371.820007,22.655926,21.420088,20.921490,20.532642
0.120000,544.650024,383.660004,396.570007,1416.760010,19.482489,18.565334,18.124702,17.841532
0.183000,217.080002,228.460007,165.750000,640.349976,22.058401,20.786182,20.174459,19.741522
0.960000,595.760010,918.140015,1436.750000,2502.169922,21.282980,20.613611,20.321436,20.033560
0.216000,168.850006,162.529999,123.720001,748.929993,21.157948,20.221373,19.767601,19.535336
0.103000,168.960007,119.300003,132.240005,545.359985,20.843609,20.070692,19.675749,19.421001
0.260000,100.410004,101.379997,158.160004,214.139999,25.502981,23.101866,22.123434,21.399893
0.149000,172.759995,117.660004,164.339996,916.330017,19.719927,19.357334,19.213263,19.119678
0.242000,48.060001,33.400002,67.589996,112.680000,23.787428,22.136122,21.476627,21.127216
0.422000,70.800003,55.430000,59.439999,166.610001,23.833981,22.466124,21.670732,21.309940
0.194000,175.570007,146.750000,75.000000,842.750000,20.204401,19.575893,19.283955,19.127851
0.122000,31.940001,47.060001,96.089996,151.899994,21.505342,21.228508,21.198719,21.004978
0.511000,127.150002,97.180000,55.470001,42.340000,21.073303,19.799814,19.391050,19.104376
0.143000,166.860001,170.500000,129.309998,472.250000,22.288589,20.924473,20.288006,19.847033
0.273000,161.899994,162.550003,153.110001,897.289978,20.306845,19.791563,19.450098,19.354059
0.369000,164.149994,178.089996,122.769997,546.549988,20.585043,19.778385,19.499540,19.132998
0.205000,135.970001,138.300003,106.629997,906.659973,20.584558,19.909815,19.521797,19.390192
51.051998,91.019997,70.400002,51.480000,59.400002,24.781952,23.593334,22.317453,21.558222
0.122000,262.600006,238.139999,154.500000,509.940002,20.915577,19.759327,19.186100,18.921015
0.099000,168.309998,158.520004,175.559998,197.240005,21.417429,21.155416,20.906607,20.582409
0.335000,468.029999,339.250000,352.260010,2009.959961,19.712568,19.143784,18.759741,18.558210
0.103000,131.369995,88.610001,92.339996,72.309998,23.156044,21.960711,21.194941,20.798607
0.099000,116.070000,167.779999,286.760010,514.969971,19.966721,19.855961,19.576490,19.570786
0.133000,152.660004,158.789993,107.889999,1081.869995,20.423412,19.821585,19.452797,19.334770
0.127000,223.940002,166.660004,150.110001,909.799988,20.404163,19.551058,19.087883,18.860449
0.185000,156.800003,117.800003,105.779999,394.899994,20.230148,19.510017,19.119093,18.926985
0.187000,422.940002,299.049988,314.910004,1969.939941,20.148142,19.241636,18.794312,18.477028
0.502000,376.429993,292.690002,178.330002,168.580002,20.469358,19.076971,18.619297,18.309065
0.117000,91.389999,71.730003,80.169998,164.149994,23.403715,21.873653,21.211647,20.768677
0.153000,112.919998,86.760002,104.989998,123.440002,23.871323,22.088514,21.302765,20.864649
0.132000,158.949997,120.120003,141.809998,143.210007,23.550043,21.855518,21.007034,20.543407
0.798000,145.860001,144.940002,174.960007,445.089996,22.495989,21.150509,20.536873,20.193089
3.135000,202.679993,133.740005,112.000000,42.740002,23.679182,21.799809,20.657707,20.146612
0.119000,152.919998,145.860001,105.750000,275.130005,22.449745,21.062004,20.493252,20.097994
0.269000,141.619995,109.410004,144.750000,177.410004,23.372299,22.228239,21.646267,21.203938
0.244000,161.940002,147.259995,136.929993,370.760010,23.570494,21.856329,21.132513,20.620197
2.764000,198.250000,164.300003,121.739998,83.040001,21.245319,19.744562,19.268076,18.976604
0.147000,237.270004,189.960007,150.979996,588.390015,20.977575,19.858404,19.366976,19.039984
0.101000,127.470001,103.970001,105.589996,160.839996,22.008226,20.803442,20.370676,20.014967
3.049000,78.730003,60.279999,42.320000,45.820000,25.146967,23.319244,22.135723,21.355045
0.108000,632.809998,439.500000,347.660004,290.660004,18.816256,17.972008,17.608311,17.345821
0.113000,231.139999,171.860001,178.869995,1010.080017,21.346241,20.399996,19.899193,19.553282
0.322000,150.830002,96.160004,75.080002,49.560001,23.681284,22.004162,20.685493,20.150928
0.097000,78.739998,72.930000,54.680000,342.299988,20.934341,20.330866,19.983315,19.871014
0.113000,244.600006,222.960007,154.820007,253.080002,21.722765,20.134838,19.526800,19.162788
0.090000,157.029999,133.330002,88.190002,155.100006,21.885187,20.554167,20.036963,19.662815
0.354000,508.929993,545.659973,663.080017,1955.660034,20.308794,20.123692,18.867056,18.624449
0.166000,195.910004,193.169998,143.279999,388.100006,21.818815,20.494059,19.954336,19.589464
0.141000,167.029999,132.080002,93.739998,124.889999,21.722855,20.452568,19.961014,19.585135
0.088000,120.029999,126.980003,77.769997,325.070007,21.100191,20.209938,19.829355,19.502714
0.327000,309.450012,329.890015,333.470001,784.070007,21.400513,20.221766,19.764858,19.427969
0.084000,221.630005,161.949997,143.669998,564.609985,20.567640,19.731560,19.336720,19.086205
0.090000,256.600006,166.589996,197.639999,1095.949951,19.805880,19.209444,18.975716,18.777771
0.246000,205.960007,166.970001,226.070007,429.390015,22.973045,21.341690,20.420490,20.031723
0.387000,355.809998,273.910004,322.859985,1999.380005,20.596218,19.885435,19.451775,19.198215
0.125000,97.760002,83.860001,56.080002,80.040001,24.005072,23.393139,22.558737,21.960676
0.241000,154.369995,154.270004,93.820000,360.459991,21.773481,20.468744,19.927176,19.585972
3.048000,824.179993,984.340027,1456.390015,2640.409912,19.510733,18.578938,18.089016,17.909454
0.097000,149.300003,122.680000,101.410004,489.589996,21.059250,20.200916,19.789190,19.540331
0.215000,178.509995,189.759995,147.750000,1216.280029,20.579721,19.832970,19.416428,19.231422
0.125000,359.309998,294.329987,215.800003,721.789978,20.445103,19.326309,18.856884,18.572098
1.859000,148.949997,92.389999,95.290001,63.700001,22.784367,21.573721,20.834120,20.489902
4.240000,255.220001,350.739990,482.190002,629.890015,19.326744,19.123262,18.891933,18.925524
0.133000,80.660004,81.730003,62.910000,201.550003,22.123209,20.973564,20.596159,20.208851
0.118000,20.299999,32.459999,47.630001,105.330002,23.207052,22.725294,22.437109,21.999767
0.205000,292.459991,273.010010,204.229996,885.190002,21.279150,20.026638,19.500444,19.078781
0.105000,114.169998,84.400002,84.459999,603.119995,21.450636,20.782335,20.358597,20.148691
0.329000,1363.880005,1088.569946,1509.479980,4039.360107,18.748508,17.913689,17.544147,17.261433
49.699001,202.139999,272.220001,362.049988,516.130005,21.505390,20.657747,20.312389,20.214495
2.465000,224.080002,147.160004,132.630005,46.380001,22.992842,21.099117,20.173399,19.719288
0.763000,486.890015,353.899994,517.419983,3929.290039,18.832073,18.308340,18.011757,17.871132
0.189000,47.279999,57.560001,56.810001,182.100006,22.726763,21.275095,20.909374,20.603968
0.221000,452.380005,395.640015,409.630005,901.359985,19.845461,18.801153,18.356222,18.055885
0.212000,179.149994,179.410004,120.250000,794.809998,21.103130,20.247995,19.822023,19.581114
0.153000,75.540001,54.180000,48.419998,50.169998,23.530567,22.422876,21.562263,21.265417
0.125000,114.550003,109.650002,72.970001,218.410004,21.979788,20.794195,20.366570,20.008595
0.148000,275.700012,191.020004,176.880005,921.500000,20.000856,19.278679,18.920059,18.703447
0.399000,261.100006,220.330002,138.889999,73.389999,21.111290,19.558607,19.017366,18.711420
0.189000,187.309998,219.979996,355.859985,465.329987,23.858440,22.668657,21.580692,20.971430
0.216000,289.989990,255.300003,192.949997,1017.520020,20.464615,19.551819,19.134388,18.903212
1.298000,356.079987,391.790009,319.489990,1642.329956,20.075386,19.256643,18.960379,18.574100
0.104000,288.290009,248.320007,146.410004,166.050003,21.893549,20.159437,19.551317,19.073387
0.184000,110.989998,131.470001,82.059998,461.000000,22.094395,21.138344,20.735207,20.373350
0.113000,186.759995,150.550003,119.129997,62.169998,21.999964,20.285490,19.665010,19.336958
0.288000,149.240005,114.290001,76.989998,51.650002,22.316015,20.571562,19.961617,19.630882
0.359000,211.850006,221.679993,186.020004,687.200012,22.342657,20.882872,20.232882,19.771549
0.507000,192.850006,152.070007,79.370003,78.800003,21.304033,19.819927,19.330845,18.996599
0.235000,136.389999,116.980003,79.889999,156.899994,21.650131,20.437246,19.964182,19.658445
0.363000,139.309998,96.070000,88.330002,57.770000,23.669962,21.961226,20.920673,20.502682
1.026000,1147.050049,784.809998,541.609985,521.130005,18.972586,17.869579,17.366880,17.036840
0.168000,159.169998,103.599998,87.940002,48.980000,23.495199,22.049368,20.997974,20.555342
0.105000,124.680000,81.080002,51.180000,77.690002,23.576315,22.189161,21.367094,20.922167
0.974000,831.369995,562.270020,823.859985,5098.680176,18.871822,18.211132,17.911585,17.699034
0.096000,94.529999,98.690002,61.020000,285.440002,22.241219,21.131912,20.626089,20.325073
0.160000,263.670013,315.279999,365.320007,954.219971,21.159336,20.071589,19.589748,19.279846
0.174000,136.720001,100.169998,82.910004,710.619995,20.610056,20.099434,19.740089,19.618246
0.332000,162.059998,189.919998,168.899994,749.010010,21.019661,20.133154,19.760347,19.377897
2.960000,123.769997,92.309998,62.150002,51.970001,22.656565,21.015423,20.353189,20.009310
1.844000,2517.479980,1659.599976,1346.280029,1785.420044,17.568996,16.736465,16.467274,16.202837
0.127000,115.470001,88.330002,113.570000,91.580002,22.776268,21.608555,21.077103,20.709658
0.237000,524.200012,574.179993,706.090027,942.280029,20.602074,20.218842,19.771330,19.602249
0.369000,480.109985,737.450012,1310.079956,2007.540039,22.607550,21.208965,20.675171,20.290121
0.159000,330.540009,240.570007,153.990005,104.430000,20.000366,18.894444,18.482725,18.194300
0.535000,343.079987,264.100006,152.860001,105.169998,20.425577,19.103796,18.658882,18.354029
0.265000,722.330017,925.390015,1243.750000,1573.479980,20.166286,19.499916,19.211880,19.244808
0.111000,85.500000,92.379997,79.610001,240.639999,23.136621,21.615934,21.055702,20.578241
0.155000,203.350006,140.149994,184.429993,580.419983,19.506426,19.116764,18.926994,18.783695
0.207000,112.559998,113.260002,114.690002,143.750000,22.694321,22.087431,21.746733,21.300116
1.576000,448.839996,724.549988,1164.050049,2681.399902,20.339344,19.362436,18.947090,18.785685
0.253000,475.760010,365.739990,354.269989,2006.430054,20.591228,19.499031,18.951759,18.601166
0.357000,134.080002,100.849998,64.089996,64.430000,18.004450,17.588966,17.509209,17.474903
0.986000,329.100006,407.329987,590.739990,1091.619995,21.433023,20.100662,19.795784,19.265400
0.109000,71.949997,77.620003,46.500000,262.399994,22.263483,21.345333,20.885118,20.584120
0.297000,271.420013,237.860001,187.279999,1465.880005,19.903196,19.237217,18.906355,18.775099
11.618000,213.770004,130.839996,118.809998,58.750000,23.634890,21.696365,20.536024,20.079090
0.116000,141.529999,97.070000,115.720001,80.800003,22.663546,21.306993,20.690542,20.313805
30.469999,154.020004,100.489998,57.950001,67.430000,24.774839,22.875288,21.724804,20.867516
0.244000,110.010002,113.930000,99.139999,126.410004,23.390858,22.030291,21.482315,21.018074
0.284000,246.639999,204.529999,136.279999,105.690002,21.700378,19.968056,19.345407,19.012852
0.225000,181.309998,132.919998,150.500000,204.050003,21.641010,20.610460,20.198339,19.872519
1.043000,476.500000,468.619995,351.390015,1346.660034,22.030788,20.492496,19.703035,19.222542
0.181000,404.190002,278.109985,352.859985,2478.500000,19.305063,18.695990,18.393688,18.206440
0.289000,241.589996,235.619995,229.860001,1185.069946,20.355789,19.699896,19.294395,19.147373
0.133000,121.309998,124.199997,164.490005,307.049988,22.133011,20.794216,20.175154,19.808064
0.296000,155.690002,247.929993,375.850006,601.119995,20.682070,20.021767,19.531977,19.313332
0.601000,576.419983,895.900024,1321.140015,2000.439941,23.328543,21.499809,20.445961,19.904701
0.320000,278.700012,286.679993,207.529999,1183.780029,20.157290,19.445910,19.043835,18.875534
0.313000,246.279999,271.709991,220.669998,1350.329956,20.449907,19.523134,19.108692,18.937752
0.210000,41.130001,56.910000,88.120003,96.889999,23.813677,23.412640,23.179893,22.947927
0.787000,487.760010,374.470001,239.929993,303.980011,20.222628,19.139435,18.701628,18.402044
0.136000,136.330002,145.949997,175.429993,228.529999,23.085344,22.164982,21.520576,21.126589
0.109000,81.669998,60.599998,79.800003,53.130001,24.558434,22.841192,21.920364,21.386562
0.437000,719.780029,810.000000,994.409973,2776.429932,20.362669,19.334923,18.796371,18.541594
0.156000,174.889999,141.300003,96.599998,1031.050049,20.202156,19.597130,19.264347,19.116770
0.173000,246.520004,349.339996,434.820007,612.489990,20.889130,20.405308,20.438133,20.368177
0.175000,204.720001,213.259995,156.850006,662.030029,20.482428,19.693684,19.262106,19.053612
0.119000,221.679993,169.800003,169.580002,1105.390015,20.494724,19.707138,19.247561,19.039017
0.147000,180.250000,200.990005,219.589996,463.929993,20.976992,19.884163,19.427202,19.162455
0.874000,168.339996,110.930000,78.360001,62.799999,24.504066,22.685120,21.475464,20.762375
0.247000,137.860001,97.500000,71.029999,49.580002,23.292759,21.495371,20.655487,20.219826
0.089000,98.570000,77.930000,75.110001,235.929993,19.998026,19.700436,19.566854,19.454641
0.218000,652.969971,460.730011,370.839996,1513.540039,19.140923,18.308008,17.863541,17.565477
0.753000,164.929993,218.350006,284.890015,398.890015,20.281025,20.088409,20.004715,19.816643
0.207000,89.430000,83.599998,70.599998,425.769989,21.981121,21.183702,20.763336,20.544907
0.312000,529.280029,344.880005,312.070007,1051.770020,19.316814,18.399342,18.021755,17.781216
0.164000,141.860001,97.620003,102.629997,79.650002,22.763559,21.625910,20.992702,20.671322
0.115000,279.429993,324.779999,403.649994,606.250000,19.576618,19.591484,19.681971,19.529579
0.094000,109.760002,75.879997,91.480003,54.430000,22.195927,21.377251,20.846931,20.595129
0.141000,98.389999,118.580002,134.809998,200.619995,21.145588,20.901089,20.922304,20.568895
0.091000,97.400002,131.690002,292.609985,550.049988,22.980974,21.673227,20.792202,20.636013
0.133000,281.510010,244.399994,164.960007,250.220001,21.270685,19.903471,19.354828,19.029728
0.176000,131.509995,120.500000,117.370003,224.429993,22.130455,20.821278,20.342615,19.984423
0.204000,296.450012,228.410004,201.070007,1404.569946,20.746794,19.737133,19.272331,18.945669
0.404000,71.050003,107.150002,162.029999,252.330002,21.976236,21.529327,21.088688,20.958614
0.204000,229.889999,191.539993,149.880005,1017.150024,21.654995,20.789303,20.326775,19.984610
0.107000,116.209999,81.820000,98.019997,106.070000,22.958721,21.857082,21.208048,20.852331
0.097000,85.720001,82.129997,48.419998,169.839996,21.925682,20.869688,20.521999,20.198893
0.177000,202.509995,193.080002,175.309998,459.690002,20.709345,19.759268,19.410975,19.132919
0.093000,86.959999,71.440002,84.139999,103.510002,22.972429,21.701513,21.070852,20.680725
0.408000,907.869995,593.280029,651.070007,1923.859985,18.654242,17.805651,17.472717,17.192410
0.091000,164.860001,128.389999,109.239998,831.650024,20.274332,19.671669,19.314398,19.157225
0.103000,139.919998,102.809998,72.849998,70.589996,23.208647,21.728750,20.952116,20.511299
3.355000,2235.729980,1658.449951,2943.110107,15510.919922,18.891779,17.834295,17.320648,16.914158
0.182000,128.169998,97.690002,105.230003,581.799988,20.787586,20.144476,19.812523,19.662388
0.305000,192.889999,181.500000,186.899994,904.820007,21.773024,20.642307,20.058500,19.758862
0.122000,172.429993,161.009995,123.839996,329.700012,22.924971,21.425350,20.944160,20.493168
44.852001,2580.500000,4803.350098,9996.570312,24294.449219,18.742445,18.011480,17.399839,17.300434
0.165000,171.440002,169.279999,111.519997,776.150024,20.701988,19.934309,19.497240,19.336647
0.220000,160.100006,118.660004,153.169998,120.959999,22.658485,21.721830,21.191813,20.893898
0.207000,120.809998,106.500000,123.839996,143.880005,23.089306,22.256680,21.703136,21.183437
0.106000,168.509995,160.229996,126.540001,343.320007,21.703928,20.511803,20.038828,19.677565
0.126000,159.210007,151.039993,115.260002,326.750000,21.083729,19.986679,19.479317,19.226990
0.078000,55.840000,54.950001,39.810001,133.759995,22.620993,21.352285,20.900478,20.558170
0.141000,109.750000,109.440002,57.930000,371.510010,21.034184,20.198620,19.782661,19.611429
0.131000,95.070000,72.330002,66.839996,398.320007,21.097658,20.437515,20.045948,19.829094
0.214000,275.209991,198.020004,253.429993,1969.939941,19.711126,19.127100,18.777952,18.641716
0.095000,75.070000,61.220001,55.590000,327.500000,21.562843,20.757444,20.333395,20.166668
0.109000,129.190002,130.259995,104.629997,323.929993,22.509275,21.204388,20.659678,20.195478
0.075000,91.930000,63.320000,68.739998,53.180000,24.920464,23.208946,22.146111,21.600649
0.103000,79.800003,60.570000,48.480000,96.059998,24.291773,22.529827,21.708603,21.214956
0.959000,767.890015,1234.349976,2144.100098,3426.439941,17.906059,17.783979,17.713886,17.738695
0.425000,41.860001,45.000000,66.370003,67.029999,23.987663,23.428801,22.796387,22.144794
0.200000,307.459991,222.880005,140.750000,180.520004,20.249723,19.171165,18.720558,18.391878
0.108000,321.299988,256.570007,158.479996,113.250000,21.377274,19.679182,19.081791,18.774555
0.173000,354.779999,242.279999,277.239990,1551.729980,19.736927,18.924829,18.539116,18.271265
0.375000,672.440002,511.350006,560.010010,3902.260010,20.054459,19.125044,18.636421,18.307667
0.150000,221.889999,210.610001,142.910004,379.839996,22.433828,20.881960,20.311848,19.883280
0.213000,142.979996,106.430000,132.880005,137.529999,23.226658,21.933453,21.268106,20.846508
0.198000,148.860001,121.160004,79.279999,57.779999,21.888035,20.254742,19.724457,19.385000
0.162000,114.370003,86.440002,69.080002,68.190002,24.771807,23.385881,22.293924,21.511015
0.238000,155.309998,197.759995,157.880005,1094.420044,20.778532,20.074249,19.569723,19.404436
0.181000,192.619995,257.970001,428.279999,936.679993,20.415760,19.551306,19.077415,18.829332
0.102000,118.889999,99.430000,68.430000,167.899994,22.023741,20.819269,20.415356,20.063841
0.305000,113.010002,90.080002,113.250000,236.779999,24.119627,22.118567,21.407810,20.917931
1.725000,802.549988,544.080017,353.359985,294.109985,19.190145,18.191074,17.698767,17.353703
0.258000,305.010010,253.070007,222.600006,1602.910034,20.406300,19.524542,19.027666,18.799282
0.140000,141.960007,114.250000,79.559998,56.270000,22.439722,20.612396,20.006294,19.653667
2.027000,434.299988,531.460022,659.099976,986.659973,19.583134,19.259571,18.884041,18.799065
0.141000,145.229996,216.679993,276.929993,394.970001,20.444502,20.180359,20.241497,20.293161
0.794000,674.169983,561.400024,643.070007,4435.419922,19.905024,19.014683,18.508209,18.231194
2.135000,415.679993,313.269989,204.089996,133.910004,20.040489,18.811071,18.411377,18.072475
0.488000,281.510010,169.770004,126.050003,84.440002,23.988924,21.876614,20.555420,20.007256
0.111000,72.389999,60.439999,55.040001,33.570000,23.637388,22.876160,21.982485,21.522886
0.721000,436.730011,588.440002,864.750000,1421.250000,20.571476,19.389593,19.099236,18.968019
0.123000,224.589996,228.380005,331.149994,371.529999,21.197544,20.810863,20.396547,20.239962
0.134000,187.880005,167.240005,134.970001,884.510010,20.704773,19.899364,19.469109,19.271303
0.145000,119.550003,81.620003,77.690002,48.330002,25.503029,23.131966,21.878378,21.140779
8.705000,543.130005,440.619995,332.529999,335.250000,19.991966,18.645008,18.202450,17.929413
0.334000,220.470001,203.240005,155.000000,308.480011,22.281996,20.661516,19.979511,19.539713
0.130000,153.289993,144.309998,121.889999,496.679993,21.970707,20.837595,20.311331,19.994051
0.192000,196.970001,160.000000,159.139999,237.070007,22.584913,21.059498,20.447466,19.988829
1.348000,1233.670044,992.440002,1344.060059,9066.639648,18.904690,18.098028,17.611452,17.319180
0.358000,789.669983,574.929993,569.359985,3457.120117,19.881781,18.905067,18.389185,18.051073
0.131000,139.279999,120.129997,122.309998,157.399994,22.940578,21.875364,20.980270,20.601194
0.125000,121.419998,80.220001,71.029999,58.660000,22.690384,21.922661,21.152721,20.794769
0.105000,123.070000,82.529999,62.029999,54.040001,24.907938,22.999664,21.639143,20.984379
0.206000,337.489990,279.600006,230.699997,1376.359985,20.487837,19.460348,18.977276,18.703381
0.372000,193.979996,123.470001,85.970001,48.750000,23.312218,21.485352,20.463228,20.035555
0.105000,113.480003,84.160004,122.230003,104.410004,23.621233,22.603064,21.779354,21.387903
0.174000,88.440002,61.720001,56.299999,50.299999,22.881418,21.947296,21.184137,20.891115
0.162000,130.979996,129.850006,242.059998,1209.400024,20.928787,20.150379,19.752966,19.563541
0.114000,152.270004,131.320007,108.519997,843.080017,20.614487,19.888948,19.465435,19.289516
0.084000,200.979996,188.419998,181.210007,453.269989,21.289591,20.097467,19.623089,19.323071
0.299000,160.429993,156.179993,163.729996,1163.180054,20.401415,19.847076,19.482094,19.381142
0.122000,178.130005,139.970001,127.339996,1249.060059,19.639420,19.208561,18.905899,18.835215
0.255000,146.570007,182.300003,228.210007,307.079987,21.986263,20.703308,20.195183,19.908148
0.372000,112.860001,99.669998,126.660004,161.149994,23.453768,22.128069,21.637548,21.239910
0.155000,108.269997,109.339996,90.779999,275.959991,22.279999,20.893370,20.355755,20.006495
1.575000,240.009995,203.759995,121.739998,227.660004,21.143322,19.718393,19.217262,18.916378
0.228000,115.320000,84.889999,63.889999,58.160000,24.405195,23.029474,21.977194,21.258535
0.116000,131.720001,125.120003,98.120003,239.800003,22.351526,21.046131,20.492470,20.072176
0.528000,194.509995,150.419998,96.709999,87.209999,21.695522,20.029089,19.445093,19.111557
0.260000,61.740002,45.660000,47.860001,60.700001,24.514919,23.081810,22.101242,21.707075
0.314000,61.009998,54.360001,64.040001,78.120003,23.545181,22.962200,22.336685,21.723764
2.928000,315.029999,241.750000,119.470001,157.309998,20.499477,19.201897,18.723969,18.406424
0.278000,135.250000,114.510002,130.860001,205.399994,22.417255,21.106911,20.287378,20.004219
0.168000,68.790001,95.230003,125.550003,172.720001,21.568954,21.437616,21.121984,21.177689
0.160000,120.040001,113.989998,99.849998,244.850006,22.778557,21.457178,20.892849,20.459873
0.328000,439.420013,315.049988,517.320007,3219.050049,18.998226,18.472876,18.253048,18.070213
0.147000,87.269997,102.809998,73.480003,335.700012,21.244522,20.544340,20.262402,19.935816
0.173000,157.509995,162.600006,284.950012,675.440002,24.513292,22.882179,21.786573,21.034353
0.121000,125.400002,88.779999,81.980003,106.540001,22.302948,21.206148,20.644596,20.355104
0.228000,335.230011,242.139999,172.610001,173.750000,20.400496,19.155977,18.626251,18.251677
0.131000,163.970001,185.399994,120.540001,699.619995,21.365385,20.308481,19.720015,19.428724
0.101000,103.080002,80.000000,55.689999,351.829987,20.342026,19.766253,19.394775,19.306099
0.795000,152.059998,109.690002,82.129997,70.089996,24.680088,24.539169,22.518744,21.208160
0.244000,193.820007,150.720001,129.979996,861.609985,20.569328,19.851131,19.479731,19.289974
0.254000,302.670013,212.139999,174.630005,95.239998,22.255669,20.382235,19.587353,19.147385
0.172000,114.550003,97.919998,97.989998,148.350006,23.613850,22.059830,21.414038,20.989435
0.126000,113.190002,103.230003,81.970001,242.910004,23.468641,21.763180,21.209221,20.765810
0.118000,131.850006,113.430000,71.730003,86.239998,24.824865,23.644209,22.549809,21.627674
0.242000,196.110001,212.149994,159.050003,631.390015,21.275324,20.298830,19.847933,19.478088
2.095000,425.609985,331.299988,215.610001,165.940002,20.310627,18.904531,18.473284,18.142479
0.195000,219.619995,218.639999,203.279999,571.469971,20.930267,19.911280,19.417597,19.143349
0.343000,196.449997,176.779999,160.699997,399.019989,22.102922,20.704035,20.116150,19.705900
0.148000,272.179993,186.330002,234.729996,1207.050049,19.977768,19.366024,19.062420,18.854963
0.103000,115.019997,111.080002,80.959999,267.130005,21.182718,20.126162,19.832254,19.511816
167.322006,103.669998,122.970001,115.820000,154.529999,22.452772,22.130865,21.736225,21.220449
6.703000,93.860001,110.629997,142.910004,178.759995,21.003189,20.737759,20.819336,20.751190
15.814000,29.320000,38.889999,56.020000,53.340000,23.061880,22.727800,22.245594,22.121315
0.157000,164.479996,127.239998,139.899994,212.190002,21.664042,20.881800,20.425104,20.149727
0.299000,323.989990,293.920013,236.639999,549.729980,21.200830,19.899466,19.381424,19.042913
0.631000,162.759995,144.070007,182.889999,403.559998,22.679754,21.091684,20.565262,20.192930
1.556000,116.639999,85.309998,49.430000,52.150002,25.829565,23.441261,22.222523,21.257900
0.472000,173.860001,203.470001,325.390015,490.040009,19.049068,18.929621,18.680634,18.634951
0.555000,929.969971,704.739990,594.039978,2864.750000,19.583765,18.676800,18.107447,17.846956
0.131000,179.880005,164.360001,107.470001,373.420013,21.149370,20.116459,19.675436,19.402447
0.364000,368.359985,428.440002,375.940002,1063.560059,19.927813,19.360325,19.112797,18.779161
0.391000,202.589996,251.190002,202.759995,1201.300049,21.548664,20.432234,19.835995,19.433935
0.661000,135.919998,82.660004,62.970001,42.799999,23.925236,22.082113,20.949778,20.471462
0.166000,71.419998,78.300003,71.540001,129.529999,25.030704,24.145861,23.279646,22.273357
1.237000,162.020004,126.180000,98.910004,48.200001,22.389624,20.587351,19.915705,19.559427
0.109000,95.449997,95.169998,64.250000,217.470001,21.706604,20.746752,20.390190,20.065973
0.109000,1056.229980,646.030029,534.929993,607.140015,18.269217,17.481201,17.145063,16.905659
0.465000,777.200012,587.750000,476.040009,1708.500000,19.812109,18.811169,18.264801,17.907913
0.110000,155.389999,149.690002,121.400002,721.059998,20.252819,19.537956,19.204788,19.034040
0.156000,580.250000,415.660004,251.389999,409.619995,19.920443,18.737919,18.206450,17.850622
0.231000,131.160004,138.800003,148.199997,237.259995,22.793043,22.056589,21.774265,21.461296
0.132000,359.019989,366.799988,429.540009,942.059998,21.591814,20.136078,19.505875,19.134907
0.207000,135.479996,115.570000,174.759995,207.539993,23.543337,22.771112,21.995682,21.639107
0.126000,100.180000,125.449997,92.290001,472.040009,21.301659,20.366278,20.101376,19.706827
0.476000,382.149994,265.880005,346.500000,2296.489990,19.188248,18.764204,18.519133,18.390572
0.369000,189.110001,191.660004,278.709991,899.080017,20.870203,19.840780,19.520063,19.269125
0.169000,113.720001,82.540001,61.849998,61.900002,23.726393,22.362444,21.418982,20.971560
0.086000,137.639999,125.730003,89.059998,348.140015,21.488985,20.590084,20.169334,19.943983
0.165000,155.710007,223.729996,419.790009,644.909973,19.563080,19.502438,19.415817,19.208443
0.128000,177.820007,132.860001,138.940002,841.070007,20.150488,19.635593,19.306000,19.113997
0.092000,40.290001,46.130001,94.970001,104.699997,22.019278,21.562689,21.257650,20.904055
0.282000,185.779999,123.410004,109.139999,101.730003,24.502491,22.626282,21.491066,20.935368
1.283000,232.589996,150.470001,123.519997,68.480003,23.084879,21.269951,20.258392,19.798992
0.114000,77.769997,77.489998,92.320000,154.270004,21.318350,21.049845,20.693853,20.578529
0.105000,63.310001,49.730000,48.509998,178.330002,20.565451,20.135384,19.932119,19.874601
0.081000,159.410004,125.779999,85.190002,375.320007,21.634766,20.494432,19.972178,19.603380
0.157000,378.369995,279.950012,289.200012,1606.290039,20.826273,19.861673,19.356464,18.992283
0.295000,192.490005,225.470001,175.630005,1029.680054,21.026754,20.237268,19.732971,19.585114
1.587000,61.900002,171.910004,418.299988,1008.460022,23.298649,23.058920,22.513365,22.056700
0.156000,151.089996,165.130005,122.080002,497.799988,21.707369,20.562283,19.998091,19.572958
0.192000,124.820000,139.300003,99.410004,621.250000,20.738609,19.992786,19.611595,19.438698
0.203000,139.880005,139.990005,119.620003,809.690002,20.656279,19.905357,19.497030,19.398346
0.248000,913.299988,1495.010010,2405.810059,3663.729980,18.081686,17.933315,18.013573,17.905636
0.440000,73.949997,57.869999,62.770000,114.190002,23.915058,22.678663,22.081844,21.824427
0.121000,68.660004,55.970001,52.490002,60.630001,23.006601,21.600262,20.828396,20.589745
0.190000,59.009998,44.759998,38.139999,110.790001,23.554710,21.890543,21.408686,21.112648
0.170000,292.760010,249.119995,203.500000,1286.089966,20.837299,19.814075,19.381624,19.047510
1.488000,120.129997,89.500000,82.629997,59.020000,23.584929,21.864594,21.039412,20.544405
0.198000,116.370003,134.300003,172.009995,235.669998,21.087843,20.906767,20.881071,20.673098
0.098000,250.449997,170.229996,217.429993,1236.699951,19.891813,19.136417,18.770102,18.554976
0.111000,206.600006,138.240005,154.520004,127.730003,22.925411,21.548769,20.770311,20.315374
0.277000,108.370003,101.510002,93.870003,220.059998,21.620533,20.399605,20.190624,19.814478
0.193000,101.989998,121.480003,67.519997,430.829987,21.353981,20.551889,20.236664,19.826424
0.118000,97.610001,59.790001,50.400002,54.340000,23.519657,21.985523,21.212864,20.814924
0.166000,128.360001,84.820000,116.570000,125.250000,23.753000,22.175200,21.439095,20.990643
