0.235000,264.239990,247.410004,177.149994,480.320007,21.949781,20.533802,19.866358,19.457026
0.105000,181.320007,128.529999,190.410004,1080.670044,20.282732,19.597092,19.298525,19.081703
0.075000,91.930000,63.320000,68.739998,53.180000,24.920464,23.208946,22.236610,21.600649
0.874000,168.339996,110.930000,78.360001,62.799999,24.504066,22.685120,21.475464,20.762375
0.136000,106.519997,116.660004,96.750000,418.500000,22.328228,21.231436,20.668976,20.265213
0.230000,129.300003,136.899994,114.459999,392.239990,22.309357,21.002964,20.518953,20.074375
0.204000,340.640015,293.250000,236.179993,975.979980,21.578449,20.349051,19.741880,19.315603
0.101000,188.160004,132.410004,154.229996,810.030029,19.681152,19.256418,19.091282,18.960630
0.153000,132.100006,139.419998,111.750000,360.029999,22.269033,20.904602,20.332312,19.911901
0.242000,196.110001,212.149994,159.050003,631.390015,21.275324,20.298830,19.847933,19.515234
0.166000,220.169998,164.690002,141.410004,148.039993,21.831488,20.556644,19.977581,19.663385
0.146000,96.129997,109.889999,101.059998,406.720001,22.736679,21.694675,21.051928,20.679771
0.105000,124.680000,81.080002,51.180000,77.690002,23.576315,22.189161,21.367094,20.922167
0.125000,97.760002,83.860001,56.080002,80.040001,24.005072,23.393139,22.558737,21.960676
1.844000,2517.479980,1659.599976,1346.280029,1785.420044,17.568996,16.736465,16.467274,16.202837
0.214000,285.720001,266.649994,183.830002,838.179993,21.257481,19.958553,19.372356,19.039761
0.132000,112.099998,126.680000,72.839996,400.519989,21.297855,20.428730,19.992762,19.663067
0.277000,304.890015,238.740005,235.610001,1735.719971,20.032108,19.360264,18.990719,18.827303
0.129000,87.919998,99.330002,77.510002,261.420013,21.232637,20.385851,20.136824,19.813053
0.567000,98.830002,65.050003,51.770000,35.770000,25.025684,22.877718,21.617863,20.994293
0.381000,167.139999,132.630005,95.120003,105.150002,22.093040,20.438015,19.862833,19.514496
0.355000,126.570000,134.630005,130.559998,515.320007,23.205139,21.648045,20.970467,20.404688
0.629000,269.049988,267.329987,180.520004,451.371552,22.186224,20.804352,20.133646,19.711229
0.145000,320.070007,219.229996,207.679993,166.089996,24.391144,21.711676,20.348066,19.967291
0.090000,256.600006,166.589996,197.639999,1095.949951,19.805880,19.209444,18.975716,18.777771
0.208000,200.529999,168.160004,106.919998,64.330002,22.151781,20.438665,19.807941,19.445547
0.299000,160.429993,161.402679,163.729996,1163.180054,20.401415,19.847076,19.482094,19.381142
0.269000,187.050003,141.220001,100.110001,89.989998,20.877905,19.673887,19.246794,18.975950
0.314000,174.179993,166.100006,118.839996,593.659973,20.997332,20.165337,19.726112,19.518229
0.114000,122.209999,119.830002,79.260002,554.349976,22.027580,20.845324,20.303371,20.003298
0.414000,275.850006,381.839996,527.570007,1436.000000,20.551142,19.718206,19.326960,19.166040
5.160794,91.120003,68.839996,57.200001,46.750000,24.285381,23.030024,21.865232,21.404724
0.415000,471.200012,385.989990,331.750000,2062.580078,19.624208,18.835272,18.409500,18.173407
0.089000,98.570000,94.989799,75.110001,235.929993,19.998026,19.700436,19.566854,19.454641
0.095000,127.050003,102.129997,57.860001,81.949997,24.118074,23.010389,22.061815,21.357241
0.150000,86.230003,84.910004,55.150002,249.729996,22.514730,21.178795,20.732342,20.320513
0.204000,276.769989,208.070007,209.289993,1464.000000,20.242760,19.525156,19.123133,18.919706
0.098000,250.449997,170.229996,217.429993,1236.699951,19.891813,19.136417,18.740168,18.554976
0.110000,119.470001,82.080002,82.279999,56.830002,24.221899,22.670177,21.586237,21.072208
0.443000,477.929993,360.220001,299.429993,1483.689941,19.717199,18.800119,18.393400,18.104158
0.183000,215.039993,142.509995,126.300003,113.459999,22.723335,21.302401,20.577951,20.196392
0.384000,157.580002,155.600006,155.571518,226.669998,21.384525,21.057491,20.547100,20.293631
0.101000,490.619995,384.500000,243.889999,470.869995,20.367245,19.173630,18.726118,18.347439
4.240000,255.220001,350.739990,482.190002,629.890015,19.326744,19.123262,18.891933,18.925524
-2.830220,212.229996,210.962402,325.890015,1167.619995,20.395969,19.923632,19.732033,19.311670
0.631000,162.759995,144.070007,182.889999,403.559998,22.679754,21.091684,20.565262,20.197039
0.131000,230.850006,235.119995,256.899994,596.590027,20.965206,19.743017,19.323353,18.987057
0.150000,209.630005,175.089996,145.339996,265.239990,21.478918,20.032473,19.597239,19.284302
0.270000,203.070007,182.809998,185.800003,260.190002,22.892847,22.296869,21.544025,20.942339
0.138000,107.480003,69.199997,47.980000,52.669998,23.965485,22.497980,21.583721,21.167625
0.105000,73.709999,51.759998,44.279999,49.290001,25.328375,23.296913,22.242260,21.747698
0.254000,302.670013,212.139999,174.630005,95.239998,22.255669,20.382235,19.587353,19.147385
0.269000,165.559998,118.410004,111.589996,126.290001,23.605452,22.261494,21.305094,20.650856
0.089000,74.129997,54.680000,51.959999,33.630001,22.000957,20.592102,20.199511,20.000916
0.156000,118.580002,130.800003,76.129997,558.239990,21.462887,20.571039,20.106182,19.933414
0.525000,279.709991,212.059998,124.269997,86.430000,20.391489,19.194231,18.747175,18.438751
4.684000,199.380005,128.570007,124.589996,72.379997,23.671379,21.871313,20.716471,20.238367
0.109000,71.949997,77.620003,46.500000,153.500595,22.263483,21.345333,20.885118,20.584120
0.132000,150.940002,143.559998,105.480003,229.720001,21.842365,20.621624,20.112417,19.780891
0.096000,283.269989,201.419998,218.369995,1036.020020,20.361948,19.456802,19.005432,18.713375
0.100000,99.629997,89.739998,84.250000,186.250000,21.987633,20.833639,20.395966,20.004520
0.119000,149.360001,128.160004,122.519997,227.059998,22.665367,21.184200,20.652491,20.254698
0.489244,157.050003,162.330002,130.899994,784.229980,22.451330,21.152653,20.478788,20.074312
0.499000,716.840027,528.299988,588.549988,4164.750000,18.923105,18.529543,18.113789,17.876532
0.116000,193.949997,154.509995,120.949997,125.209999,22.137892,20.658625,20.049749,19.626116
0.363000,139.309998,96.070000,88.330002,57.770000,23.669962,21.961226,20.920673,20.502682
3.048000,824.179993,984.340027,1456.390015,2640.409912,19.510733,18.578938,18.089016,17.909454
0.177000,118.120003,131.350006,128.539993,320.750000,21.396502,20.349539,19.952511,19.694752
0.153000,86.849998,59.770000,59.150272,81.580002,22.788733,22.061150,21.388741,20.990379
0.472000,173.860001,203.470001,325.390015,490.040009,19.049068,18.839186,18.680634,18.634951
0.239000,184.080002,149.750000,164.160004,235.399994,22.721241,21.482763,20.884525,20.427387
0.194000,109.639999,72.660004,78.209999,51.990002,25.423796,23.432669,22.099997,21.487717
0.314000,90.050003,123.620003,211.169998,342.839996,20.665354,20.860088,20.363970,20.544348
-1.015851,90.629997,88.919998,78.800003,127.839996,21.960646,20.559269,20.092434,19.803988
0.202000,143.869995,101.769997,88.559998,51.270000,23.242920,21.332853,20.487700,20.077356
0.077000,47.439999,58.610001,41.939999,218.520004,21.758549,21.107306,20.690376,20.450050
0.648000,181.419998,139.740005,124.900002,81.839996,24.406864,22.989145,21.843824,21.077717
0.161000,88.639999,90.959999,132.800003,98.000000,23.839760,22.605745,22.003031,21.584362
0.153000,30.750000,40.480000,53.900002,146.979996,24.298634,23.353899,22.864780,22.373528
0.428000,429.109985,315.950012,291.579987,246.660004,24.465511,23.333948,22.899841,22.348133
0.210000,107.519997,72.760002,65.209999,56.259998,24.195892,22.721561,21.640652,21.117460
0.141000,383.260010,299.910004,244.570007,1245.739990,19.957294,19.075092,18.641312,18.352663
0.372000,112.860001,99.669998,126.660004,161.149994,23.453768,22.128069,21.637548,21.239910
0.335000,468.029999,339.250000,384.855255,2009.959961,19.712568,19.143784,18.759741,18.558210
1.488000,120.129997,89.500000,82.629997,59.020000,23.584929,21.864594,21.039412,20.544405
0.197000,1263.319946,767.979980,708.809998,606.140015,18.139297,17.291998,16.953325,16.677881
0.150000,244.310089,210.610001,142.910004,379.839996,22.433828,20.881960,20.311848,19.883280
0.146000,201.039993,331.380005,613.849976,1035.229980,19.465242,19.393713,19.206446,19.212301
0.104000,77.099998,67.550003,46.759998,317.149994,21.290285,20.640524,20.296700,20.033312
0.125000,359.309998,294.329987,215.800003,721.789978,20.445103,19.326309,18.856884,18.572098
167.322006,103.669998,122.970001,115.820000,154.529999,22.452772,22.130865,21.736225,21.220449
0.143000,454.640015,347.649994,207.529999,436.484894,20.459047,19.163570,18.697605,18.318146
0.212000,199.919983,150.729996,150.869995,115.690002,23.551374,21.783236,20.876432,20.353987
5.730000,46.139999,36.080002,44.880001,252.330002,23.148865,22.551279,21.934799,21.688629
0.131000,161.679993,132.850006,91.160004,92.139999,21.672382,20.116274,19.557253,19.219084
0.107000,139.289993,122.980003,69.750000,81.559998,23.068565,22.341839,21.749729,21.041336
0.122000,363.649994,249.149994,388.179993,1339.495605,19.517048,18.893522,18.657572,18.455530
0.204000,296.450012,228.410004,201.070007,1404.569946,20.746794,19.737133,19.272331,18.945669
1.295000,255.259995,212.220001,147.309998,83.379997,21.323751,19.704826,19.193405,18.875885
0.094000,219.660004,190.759995,119.660004,272.059998,21.337103,20.015020,19.516535,19.195211
0.149000,172.759995,117.660004,164.339996,916.330017,19.719927,19.357334,19.213263,19.119678
0.176000,301.230011,215.970001,245.779999,1767.880005,19.864124,19.170664,18.758528,18.568562
0.403000,151.449997,105.980003,106.940002,130.529999,23.399750,22.016672,21.058895,20.656946
0.111000,180.199997,125.949997,159.860001,875.489990,19.899193,19.370977,19.107758,18.970970
0.216000,168.850006,162.529999,123.720001,748.929993,21.157948,20.221373,19.767601,19.535336
0.185000,168.070007,150.250000,108.809998,753.010010,20.305037,19.625168,19.238100,19.120771
0.343000,119.639999,103.500000,86.550003,296.989990,21.892742,20.688665,20.143658,19.795792
0.099000,58.689999,62.529999,72.199997,159.639999,24.019457,23.375191,22.723011,21.589350
0.192000,266.239990,241.160004,199.500000,1274.579956,20.081772,19.407408,19.027824,18.773073
0.140000,212.169998,131.039993,110.040001,67.139999,23.530977,21.912807,20.747269,20.195143
0.184000,110.989998,131.470001,82.059998,461.000000,22.094395,21.138344,20.735207,20.373350
0.084000,200.979996,188.419998,181.210007,453.269989,21.289591,20.097467,19.623089,19.323071
-4.025190,115.279999,83.900002,109.269997,102.300003,22.721041,21.430227,20.704544,20.399149
0.156000,151.089996,165.130005,122.080002,497.799988,21.707369,20.562283,19.998091,19.572958
0.219000,307.230011,242.699997,208.320007,1529.030029,20.115015,19.406986,19.005594,18.797390
0.309000,263.880005,191.089996,263.338654,1738.369995,19.282108,18.980433,18.527323,18.628735
0.535000,343.079987,264.100006,152.860001,105.169998,20.425577,19.103796,18.708052,18.354029
0.094000,110.389999,135.619995,132.130005,167.750000,20.914015,20.760544,20.744280,20.676983
0.690000,413.809998,293.239990,232.520004,582.450012,21.226765,20.157883,19.631943,19.298466
0.112000,148.559998,143.880005,82.320000,332.570007,21.239145,20.318754,19.879969,19.616590
0.106000,201.740005,293.540009,386.640015,573.080017,20.653898,19.996725,19.789446,19.733347
0.089000,239.470001,212.550003,138.490005,429.019989,21.400768,20.149729,19.562426,19.234856
0.131000,95.070000,72.330002,66.839996,398.320007,21.097658,20.437515,20.045948,19.829094
0.269000,141.619995,109.410004,144.750000,177.410004,23.372299,22.228239,21.624941,21.203938
0.118000,97.610001,59.790001,50.400002,54.340000,23.519657,21.985523,21.212864,20.814924
0.175000,113.330002,122.720001,79.240707,331.980011,21.663048,20.753567,20.419708,20.055496
0.110000,112.750000,103.449997,74.059998,231.570007,21.099827,20.212282,19.847588,19.541658
44.762001,141.679993,190.559998,259.609985,439.700012,21.245310,20.573458,20.438437,20.277683
0.113000,152.809998,141.149994,120.580002,223.619995,21.828230,20.360764,19.948853,19.652884
0.523000,230.990005,184.309998,107.250000,96.540001,21.107548,19.671150,19.207081,18.935566
0.228000,335.230011,242.139999,172.610001,173.750000,20.400496,19.155977,18.626251,18.251677
0.127000,223.940002,166.660004,150.110001,909.799988,20.404163,19.551058,19.087883,18.860449
0.235000,240.649994,221.250000,160.440002,333.839996,22.417089,20.768871,20.152790,19.659538
0.128000,96.879997,71.059998,58.610001,67.400002,24.427864,23.097393,22.118746,21.632332
0.130000,112.650002,104.449997,86.779999,225.529999,22.550190,21.417519,20.971823,20.549585
0.140000,141.960007,114.250000,79.559998,56.270000,22.439722,20.612396,20.006115,19.653667
0.162000,109.669998,128.789993,147.039993,214.169998,23.583666,22.468273,21.948864,21.457001
0.433000,251.649994,197.500000,174.270004,1386.380005,19.837517,19.283907,18.941946,18.813602
1.082000,133.660004,84.709999,87.250000,69.320000,23.433224,22.223804,21.156515,20.725729
0.228000,143.119995,96.949997,91.260002,79.480003,23.769550,22.539124,21.546959,21.040569
0.153000,213.020004,164.740005,98.540001,44.680000,21.971611,20.186302,19.556028,19.225243
0.085000,84.190002,87.000000,59.529999,192.699997,21.932486,21.165630,20.864567,20.524345
0.119000,152.919998,145.860001,105.750000,275.130005,22.449745,21.062004,20.493252,20.097994
0.270000,199.880005,198.169998,148.399994,1105.729980,20.918245,20.135176,19.731297,19.502085
0.960000,595.760010,918.140015,1436.750000,2502.169922,21.282980,20.613611,20.321436,20.033560
0.099000,116.070000,167.779999,286.760010,514.969971,19.966721,19.855961,19.576490,19.570786
2.027000,434.299988,531.460022,659.099976,986.659973,19.583134,19.259571,18.884041,18.799065
0.375000,672.440002,575.826721,560.010010,3902.260010,20.054459,19.125044,18.636421,18.307667
0.172000,342.739990,322.380005,221.009995,888.919983,21.387114,20.115391,19.588478,19.195946
0.378000,364.799988,282.160004,267.609985,2227.629883,20.148035,19.462954,19.011007,18.821905
0.102000,106.220001,75.349998,83.019997,90.040001,24.422035,23.003271,22.191362,21.678326
0.674000,176.470001,199.919998,294.989990,492.929993,23.213728,22.206728,21.342346,20.932741
11.696000,91.809998,110.750000,145.630005,222.289993,19.981480,19.932524,19.631880,19.556221
0.203000,93.220001,103.919998,92.139999,379.850006,22.975351,21.718287,21.061968,20.532885
0.138000,251.009995,187.679993,175.360001,797.809998,20.406706,19.502844,19.065617,18.753973
0.088000,120.029999,126.980003,77.769997,325.070007,21.100191,20.209938,19.829355,19.502714
1.413000,68.110001,85.250000,89.680000,113.440002,21.832668,21.658792,21.702751,21.694983
0.182000,128.169998,97.690002,105.230003,581.799988,20.787586,20.144476,19.812523,19.662388
0.511000,127.150002,97.180000,55.470001,42.340000,21.073303,19.799814,19.391050,19.104376
0.119000,221.679993,169.800003,169.580002,786.477234,20.494724,19.707138,19.247561,19.039017
0.165000,155.710007,223.729996,419.790009,644.909973,19.563080,19.502438,19.415817,19.208443
0.227000,137.110001,127.010002,185.500000,214.300003,23.818865,22.740099,21.899635,21.205645
0.091000,97.400002,131.690002,292.609985,550.049988,22.980974,21.673227,20.792202,20.636013
0.227000,156.710007,123.820000,100.510002,859.169983,21.118380,20.338528,19.921215,19.672552
0.260000,61.740002,45.660000,47.860001,60.700001,24.514919,23.081810,22.101242,21.707075
0.369000,189.110001,191.660004,278.709991,899.080017,20.870203,19.840780,19.520063,19.269125
5.256000,328.209991,251.619995,165.179993,184.321976,20.490173,19.145685,18.698727,18.405617
0.110000,110.919998,112.844604,91.669998,286.739990,22.712292,21.397499,20.857540,20.413179
6.307000,501.630005,359.489990,219.559998,182.699997,19.649387,18.569189,18.161797,17.866880
0.201000,116.940002,123.410004,103.110001,445.809998,21.312532,20.425394,19.980034,19.708473
0.257000,176.789993,118.180000,113.122475,128.399994,21.987545,20.513264,19.898899,19.656952
0.161000,131.179993,145.649994,164.940002,373.190002,21.415094,20.255358,19.878874,19.550444
0.322000,97.540001,63.000000,56.240513,51.290001,24.086466,22.848234,21.703249,21.141121
0.130000,239.660004,226.490005,142.389999,445.820007,21.560251,20.124397,19.578438,19.271946
0.571000,3479.080078,3804.870117,4576.740234,7072.819824,18.676039,18.389772,18.025978,17.868402
0.171000,142.050003,148.240005,113.180000,434.809998,21.584995,20.540913,19.961304,19.670168
0.302000,339.079987,279.700012,190.589996,127.790001,21.653774,19.802723,19.199865,18.874033
-1.203792,118.889999,99.430000,68.430000,167.899994,22.023741,20.819269,20.415356,20.063841
0.221000,452.380005,395.640015,409.630005,901.359985,19.845461,18.801153,18.356222,18.055885
0.134000,154.300003,150.460007,142.130005,850.510010,20.429131,19.742105,19.363499,19.249708
1.725000,802.549988,544.080017,353.359985,294.109985,19.190145,18.191074,17.698767,17.353703
0.086000,137.639999,125.730003,75.373344,348.140015,21.488985,20.590084,20.169334,19.943983
1.142000,107.870003,93.980003,79.879997,205.649994,24.454393,23.423182,22.258816,21.581102
0.793000,96.510002,84.440002,77.080002,184.679993,23.368507,21.677727,21.073996,20.632994
0.277000,108.370003,101.510002,93.870003,220.059998,21.620533,20.399605,20.190624,19.814478
0.168000,164.139999,148.910004,134.339996,947.419983,21.000223,20.062653,19.594154,19.342653
0.440000,73.949997,57.869999,62.770000,114.190002,23.915058,22.678663,22.081844,21.824427
0.193000,101.989998,121.480003,67.519997,430.829987,21.353981,20.551889,20.236664,19.826424
0.178000,116.680000,124.470001,71.660004,401.209991,21.481136,20.491831,20.121141,19.747927
0.275000,106.190002,78.010002,72.919998,56.209999,22.260441,20.658655,20.205353,19.888783
0.190000,59.009998,44.759998,38.139999,110.790001,23.554710,21.890543,21.408686,21.112648
0.092000,121.510002,131.940002,109.209999,403.410004,21.826056,20.794334,20.341463,19.937803
42.710999,481.660004,508.519989,567.929993,750.780029,20.787741,19.491356,18.954727,18.662554
1.348000,1233.670044,992.440002,1344.060059,9066.639648,18.904690,18.098028,17.611452,17.319180
0.159000,119.879997,110.000000,78.910004,196.179993,21.441816,20.355194,19.910936,19.519514
0.116000,95.089996,65.000000,87.290001,65.040001,23.269548,22.102041,21.452703,21.153481
0.111000,210.860001,156.050003,180.350006,1153.050049,21.190586,20.321281,19.882288,19.572693
0.076000,96.440002,68.800003,75.470001,95.629997,23.255259,21.958500,21.178280,20.853287
0.126000,113.190002,103.230003,81.970001,242.910004,23.468641,21.763180,21.209221,20.765810
0.127000,115.470001,88.330002,113.570000,91.580002,22.776268,21.608555,21.077103,20.709658
3.019000,886.619995,615.219971,376.010010,329.179993,19.447536,18.347094,17.945030,17.655029
0.620000,162.610001,106.769997,100.589996,49.230000,24.789791,22.603228,21.338795,20.723230
0.319000,214.720001,176.309998,143.190002,609.429993,20.971069,19.943953,19.424822,19.116251
0.102000,117.529999,118.519997,84.820000,246.809998,21.986935,20.845856,20.419331,20.046112
0.173000,210.479996,204.559998,159.460007,1024.859985,21.909554,20.607443,19.979540,19.570896
3.606000,189.839996,142.779388,82.550003,54.689999,21.639528,20.034042,19.499607,19.175695
0.299000,323.989990,293.920013,236.639999,549.729980,21.200830,19.899466,19.381424,19.042913
0.196000,190.250000,199.529999,156.750000,736.729980,20.746136,19.864372,19.434721,19.197403
0.781000,236.179993,258.910004,326.149994,385.420013,20.474039,20.346724,20.074717,19.964804
0.094000,138.220001,106.190002,101.529999,117.809669,23.697998,21.863113,21.139034,20.627926
0.162000,79.989998,61.750000,85.839996,186.179993,23.337759,21.756184,21.162188,20.789942
0.145000,186.770004,183.100006,157.789993,459.850006,20.999495,19.993914,19.590872,19.295033
0.125000,121.419998,80.220001,71.029999,58.660000,22.690384,21.922661,21.152721,20.794769
0.116000,371.130005,293.480011,190.850006,325.100006,20.964733,19.556522,19.002953,18.648708
-0.176123,187.789993,174.210007,144.119995,569.200012,20.718609,19.776556,19.395361,19.156778
0.198000,148.860001,121.160004,79.279999,57.779999,21.888035,20.254742,19.724457,19.385000
0.240000,226.139999,171.309998,148.800003,886.739990,19.527262,19.103737,18.871523,18.782259
0.135000,127.660004,90.959999,87.769997,85.589996,22.931499,21.918278,21.133892,20.803953
0.131000,88.279999,86.720001,93.730003,162.210007,23.781355,22.509851,22.016396,21.625635
0.200000,159.940002,151.130005,91.489998,245.100006,20.892914,19.913736,19.550451,19.214756
0.147000,99.550003,106.160004,75.510002,377.079987,22.881308,21.690386,21.160585,20.710131
0.207000,112.559998,113.260002,129.067902,143.750000,22.694321,22.087431,21.746733,21.300116
0.185000,118.680000,127.309998,78.050003,369.829987,22.734400,21.443987,20.877148,20.423832
0.874000,527.280029,381.390015,444.401276,220.500000,19.460192,18.418543,17.999449,17.700788
0.174000,136.720001,100.169998,82.910004,710.619995,20.610056,20.099434,19.740089,19.618246
1.405000,690.179993,508.119995,319.869995,277.070007,19.583231,18.483868,18.031013,17.700399
0.143000,166.860001,170.500000,129.309998,472.250000,22.288589,20.924473,20.288006,19.847033
0.351822,117.050003,75.809998,61.049999,60.119999,23.467035,21.666773,20.774385,20.333223
0.189000,187.309998,219.979996,355.859985,465.329987,23.858440,22.668657,21.580692,20.971430
0.305000,192.889999,181.500000,186.899994,904.820007,21.773024,20.642307,20.058500,19.758862
3.719000,229.130005,156.745148,134.460007,79.410004,23.532782,21.833620,20.672646,20.204634
0.627000,526.440002,369.700012,561.580017,4182.990234,19.036488,18.492619,18.184475,18.038647
0.105000,123.070000,82.529999,62.029999,54.040001,24.907938,22.999664,21.639143,20.984379
0.103000,131.369995,94.531921,92.339996,72.309998,23.156044,21.960711,21.194941,20.798607
0.360000,127.349998,176.070007,323.959991,893.969971,23.488739,22.329954,21.552107,20.920078
0.242000,48.060001,33.400002,67.589996,112.680000,23.787428,22.136122,21.476627,21.127216
0.192000,196.970001,160.000000,159.139999,237.070007,22.584913,21.059498,20.284622,19.988829
0.201000,108.160004,114.519997,94.309998,356.700012,22.299753,20.959917,20.481382,20.115877
0.305000,113.010002,90.080002,113.250000,236.779999,24.119627,22.118567,21.407810,20.917931
0.627000,374.710449,377.640015,365.630005,2935.229980,20.345209,19.358023,18.802750,18.498585
0.145000,119.550003,81.620003,77.690002,43.487057,25.503029,23.131966,21.878378,21.140779
0.171000,91.959999,175.570007,319.470001,530.559998,20.204502,20.198092,20.088451,20.079260
0.208000,361.309998,310.040009,318.700012,1316.079956,20.901455,19.709581,19.163355,18.817312
0.225000,181.309998,132.919998,150.500000,204.050003,21.641010,20.610460,20.198339,19.872519
1.647000,153.339996,110.809998,137.899994,78.010002,22.793364,21.054773,20.308420,19.951687
0.204000,161.020004,165.229996,115.949997,504.390015,22.743576,21.510899,20.943924,20.540724
0.548000,170.850006,132.380005,78.339996,54.139999,22.307583,20.458904,19.851952,19.488415
0.087000,122.970001,115.599998,67.489998,258.019989,21.070145,20.163342,19.764219,19.529341
0.086000,132.949997,106.500000,99.239998,642.849976,21.653591,20.893850,20.433193,20.167164
0.173000,157.509995,162.600006,284.950012,675.440002,24.513292,22.882179,21.786573,21.034353
3.359000,178.669998,120.050003,104.449997,57.630001,23.048670,21.156239,20.277496,19.863035
0.369000,480.109985,737.450012,1310.079956,2007.540039,22.607550,21.208965,20.675171,20.290121
23.584000,386.640015,316.290009,206.199997,128.949997,21.156033,19.461069,18.878330,18.571609
0.168000,155.089996,123.070000,78.900002,676.340027,21.299728,20.628965,20.168131,19.952484
0.092000,40.290001,46.130001,94.970001,104.699997,22.019278,21.562689,21.257650,20.904055
2.114000,204.279999,118.629997,124.250000,63.590000,23.470169,21.575676,20.456135,20.024014
0.160000,120.040001,113.989998,99.849998,244.850006,22.778557,21.457178,20.892849,20.459873
0.091000,164.860001,128.389999,109.239998,831.650024,20.274332,19.671669,19.314398,19.157225
2.928000,315.029999,241.750000,119.470001,157.309998,20.499477,19.201897,18.723969,18.406424
0.458000,462.480011,418.279999,492.679993,2715.550049,19.585203,18.943487,18.515303,18.353182
3.062000,40.450001,58.419998,62.169998,92.129997,22.761333,22.450462,22.076965,22.036455
0.185000,240.440002,229.309998,164.619995,544.380005,22.490484,20.941431,20.233440,19.767872
0.166000,71.419998,78.300003,71.540001,129.529999,25.030704,24.145861,23.279646,22.273357
0.107000,233.820007,200.690002,150.119995,826.719971,21.180880,20.100645,19.582762,19.249836
0.150000,68.889999,74.519997,54.720001,236.710007,21.979782,21.140463,20.792198,20.371813
0.108000,632.809998,439.500000,807.684570,290.660004,18.816256,17.972008,17.608311,17.345821
0.181000,404.190002,278.109985,352.859985,2478.500000,19.305063,18.695990,18.393688,18.206440
0.411000,178.600006,184.740005,218.880005,234.320007,22.949732,21.754715,21.039970,20.799137
0.195000,212.500000,209.559998,180.080002,569.299988,20.959845,19.985296,19.534229,19.219276
0.172000,114.550003,97.919998,97.989998,148.350006,23.613850,22.059830,21.414038,20.989435
0.193000,149.759995,145.839996,121.379997,621.710022,22.211721,21.046198,20.498459,20.159462
0.127000,192.130005,176.880005,136.009995,586.609985,20.531610,19.636198,19.221474,19.017891
0.212000,179.149994,179.410004,120.250000,794.809998,21.103130,20.247995,19.822023,19.581114
0.250000,186.770004,131.050003,109.970001,81.440002,22.804237,20.936815,20.129808,19.743225
0.220000,206.210007,215.380005,162.169998,567.840027,21.620945,20.321125,19.811617,19.452208
0.237000,54.730000,68.510002,55.930000,75.860001,23.507086,22.565487,22.853672,22.486471
0.172000,187.250000,175.550003,138.779999,596.799988,21.914602,20.695734,20.125702,19.774792
0.152000,266.149994,188.889999,213.809998,1679.459961,19.853729,19.323826,18.942892,18.752851
0.198000,117.250000,122.820000,143.309998,210.279999,24.300171,23.393816,22.409904,21.748299
0.159000,111.750000,87.860001,120.629997,131.479996,22.503582,21.363708,20.926188,20.579075
0.291000,425.480011,336.869995,314.739990,1873.839966,20.666887,19.556746,19.032400,18.683336
0.273000,618.833374,250.550003,369.309998,2114.129883,19.274378,18.749578,18.549904,18.382662
0.128000,106.510002,89.970001,81.709999,142.970001,22.094625,20.843306,20.443958,20.110968
0.096000,53.990002,52.150002,70.330002,80.190002,21.782198,21.040918,20.441917,20.534178
0.219000,63.509998,76.220001,107.209999,201.070007,20.498005,20.618347,20.439096,20.164291
0.177000,202.509995,193.080002,175.309998,459.690002,20.709345,19.759268,19.410975,19.132919
0.086000,140.820007,106.199997,112.180000,132.250000,22.862240,21.399128,20.755199,20.334028
0.104000,133.970001,135.119995,92.360001,368.970001,21.260506,20.287004,19.784626,19.544399
0.396000,1150.569946,760.390015,1010.058167,2490.100098,18.593582,17.690598,17.324270,17.029554
0.870000,1091.053223,550.409973,644.828369,355.540009,19.276472,18.189974,17.752731,17.439857
0.200000,205.929993,164.539993,104.129997,100.169998,21.246243,19.764090,19.253498,18.910429
0.387000,355.809998,273.910004,322.859985,1999.380005,20.596218,19.885435,19.451775,19.198215
0.280000,585.929993,385.450012,547.590027,2525.469971,18.755129,18.124582,17.841118,17.625282
0.317000,218.720001,159.600006,180.300003,279.170013,22.399916,21.100269,20.288877,20.028685
0.085000,72.830002,71.239998,76.150002,129.139999,23.421627,22.054941,21.475409,21.052431
0.215000,269.839996,243.039993,203.669998,847.229980,20.086174,19.274065,18.880934,18.709873
0.165000,124.250000,121.120003,108.980003,313.010010,22.778955,21.272747,20.668493,20.217966
0.174000,88.440002,61.720001,56.299999,50.299999,22.881418,21.947296,21.184137,20.891115
0.128000,114.059998,116.839996,107.089996,281.829987,22.510363,21.241665,20.718845,20.267040
0.251000,120.099998,128.279999,103.180000,440.010010,22.558994,21.285606,20.978674,20.408831
0.295000,192.490005,225.470001,175.630005,1029.680054,21.026754,20.237268,19.732971,19.585114
4.466000,1216.620972,1745.359985,1602.390015,1802.589966,18.148655,17.290554,16.971586,16.754227
0.354000,508.929993,545.659973,663.080017,1955.660034,20.308794,20.123692,18.867056,18.624449
0.217000,261.829987,182.839996,194.199997,1098.380005,20.767761,19.775049,19.402239,19.111597
0.118000,162.509995,136.729996,116.370003,180.899994,23.409912,21.666925,20.897932,20.341917
0.122000,189.639999,183.610001,126.279999,662.239990,21.459948,20.287579,19.714619,19.430569
0.113000,231.139999,171.860001,178.869995,1010.080017,21.346241,20.399996,19.899193,19.553282
2.106000,173.880005,121.010002,72.040001,64.379997,20.637840,19.688562,19.380703,19.014296
30.469999,154.020004,100.489998,57.950001,67.430000,24.774839,22.875288,21.724804,20.867516
0.181000,164.940002,129.610001,127.989998,166.350006,23.445459,22.233225,21.274107,20.708542
-1.481044,113.120003,130.630005,90.889999,400.059998,21.869593,20.952539,20.514315,20.079533
0.148000,259.339996,200.139999,104.290001,95.589996,21.150206,19.602514,19.092606,18.739656
1.298000,356.079987,391.790009,319.489990,1642.329956,20.075386,19.256643,18.960379,18.574100
0.166000,386.399994,289.829987,250.410004,1404.849976,20.267609,19.220720,18.756674,18.440273
0.157000,109.010002,84.019997,84.379997,99.219917,24.231367,22.771265,21.607265,20.883736
0.109000,105.180000,84.199997,53.349998,67.720001,24.017103,23.097864,22.159824,21.575338
0.273000,278.100006,250.770004,201.279999,1005.359985,21.000164,19.916079,19.397499,19.096048
0.566000,125.099998,98.959999,78.430000,53.650002,26.402912,23.950920,22.694357,21.648527
0.283000,202.300003,223.410004,183.410004,801.619995,21.596411,20.509562,20.067661,19.625593
0.245000,356.100006,341.649994,285.369995,777.309998,21.716963,20.214790,19.541985,19.077429
0.182000,182.309998,176.570007,128.460007,914.869995,20.962255,20.151196,19.714748,19.494511
0.212000,362.429993,317.359985,222.059998,690.969971,20.292528,19.213518,18.729748,18.434284
0.115000,90.050003,101.320000,85.349998,479.540009,21.062063,20.306461,19.893892,19.715157
0.280000,285.410004,240.869995,228.300003,1413.359985,20.468121,19.564480,19.133860,18.909548
0.096000,94.529999,98.690002,61.020000,285.440002,22.241219,21.131912,20.626089,20.325073
0.166000,197.699997,178.899994,134.289993,521.590027,22.488741,21.003405,20.284040,19.831942
0.170000,292.760010,249.119995,203.500000,1286.089966,20.837299,19.814075,19.381624,19.047510
0.619000,548.849976,393.100006,589.530029,4077.409912,18.800234,18.397814,18.253361,18.128439
0.100000,99.669998,89.279999,87.510002,136.839996,22.248493,21.248949,20.783857,20.454361
0.165000,93.839996,99.370003,59.320000,267.070007,21.604435,20.709961,20.419386,20.052483
0.116000,131.720001,125.120003,98.120003,239.800003,22.351526,21.046131,20.492470,20.072176
0.488000,281.510010,169.770004,126.050003,84.440002,23.988924,21.876614,20.555420,20.007256
0.122000,172.429993,161.009995,123.839996,329.700012,22.924971,21.425350,20.944160,20.493168
0.505000,619.590027,424.450012,502.109985,3276.330078,19.095625,18.445299,18.136696,17.938154
0.215000,358.489990,296.320007,296.489990,1530.349976,19.679680,18.926666,18.583941,18.373442
0.555000,929.969971,704.739990,594.039978,2864.750000,19.583765,18.676800,18.107447,17.846956
0.084000,221.630005,161.949997,143.669998,564.609985,20.567640,19.731560,19.336720,19.086205
0.138000,135.960007,97.180000,102.279999,114.260002,22.356783,21.181412,20.615231,20.233006
0.261000,190.419998,191.440002,182.949997,515.669983,21.208057,20.004807,19.512342,19.264540
0.117000,130.500000,117.900002,89.449997,712.869995,20.577162,19.993837,19.625542,19.531830
0.102000,101.419998,94.059998,50.750000,177.970001,21.346136,20.475147,20.128601,19.782673
0.885000,501.950012,514.299988,420.750000,3048.850098,19.703754,19.067877,18.642149,18.497429
0.133000,80.660004,81.730003,62.910000,201.550003,22.123209,20.973564,20.596159,20.208851
0.261000,216.660004,236.679993,377.369995,666.109985,24.099949,22.506796,21.323395,20.800430
0.341000,167.759995,137.690002,88.190002,76.260002,22.806858,21.032768,20.302841,19.893524
0.443000,402.730011,357.040009,265.350006,1151.310059,20.386761,19.367266,18.885992,18.596069
0.255000,63.459999,52.250000,45.650002,43.669998,24.366674,23.452269,22.315718,21.736757
43.497002,53.570000,65.000000,79.980003,116.870003,21.716946,21.365488,21.394255,21.439796
0.293000,150.059998,91.930000,77.610001,40.270000,23.992752,22.053299,20.863436,20.397909
